13 94 96 46 48 27 51 16 16 42 82 95 19 20 29 31 54 40 69 54 3 39 98 35 27 7 79 15 97 65 61 25 98 74 55 31 26 96 13 17 31 76 40 30 4 15 44 63 81 89 99 6 42 29 9 91 65 10 32 43 92 66 19 86 73 33 58 17 12 40 35 12 70 11 39 75 12 72 90 20 59 53 92 76 69 43 97 39 76 51 87 85 65 73 35 32 16 4 68 68 
66 45 22 49 79 67 43 28 81 26 50 73 29 63 41 11 96 24 85 60 89 96 19 99 64 33 98 58 34 84 6 49 28 81 82 24 5 32 13 45 36 3 49 6 97 92 98 20 91 73 6 24 66 91 97 40 54 80 35 1 99 80 51 47 86 41 34 6 24 34 93 41 50 41 87 16 5 76 34 73 66 6 32 74 64 42 81 88 81 28 51 80 51 67 4 83 80 1 3 46 
80 68 86 64 41 37 35 6 55 27 82 37 17 95 38 30 80 34 86 88 75 86 21 23 62 88 61 0 94 93 20 5 13 31 57 86 83 39 74 64 21 57 61 37 57 64 12 61 37 82 52 11 78 10 62 70 68 56 69 74 33 0 62 54 67 95 21 44 90 83 59 51 37 46 52 95 44 88 84 10 90 40 44 89 52 11 98 42 73 55 5 5 47 28 5 77 47 64 23 0 
68 20 83 42 9 45 59 94 87 0 15 33 65 98 18 83 39 91 96 34 46 73 32 26 38 31 40 38 23 46 30 49 32 28 82 89 0 79 5 78 47 16 52 34 49 49 49 16 97 28 93 55 85 97 39 28 20 54 59 42 4 52 31 72 13 33 99 88 14 4 79 20 62 72 40 90 62 57 42 4 1 31 68 55 23 57 5 63 27 93 0 8 91 64 42 55 29 16 82 84 
15 16 84 55 58 92 38 92 92 22 24 59 71 88 10 36 29 79 35 48 5 31 4 32 18 32 34 5 75 77 24 29 67 10 88 43 70 51 40 9 55 11 44 90 47 43 78 38 29 32 57 58 84 38 90 23 91 45 35 59 63 3 89 21 34 56 49 76 53 47 82 88 71 98 77 96 49 27 9 15 57 16 86 29 75 36 79 32 72 27 3 84 57 68 48 2 80 56 77 7 
45 94 46 21 88 57 56 74 81 22 43 33 72 70 98 97 74 34 6 91 31 37 75 40 65 30 46 95 65 19 76 80 97 93 13 44 22 69 69 15 59 98 31 36 69 4 95 87 56 60 73 9 30 73 58 15 83 2 38 64 17 21 43 69 77 36 46 38 21 14 95 71 19 12 61 10 10 28 30 22 15 97 28 5 35 33 74 58 83 52 17 22 29 74 62 80 1 62 6 30 
33 43 7 90 9 71 99 25 18 59 86 19 90 47 24 79 9 90 39 16 26 31 83 56 59 29 8 76 69 1 72 57 35 46 96 49 98 41 14 56 85 13 1 21 5 96 89 40 12 48 26 94 14 13 79 34 96 39 81 82 61 99 54 1 73 13 15 15 96 0 53 28 35 77 67 4 33 21 22 42 72 82 99 26 40 20 85 1 33 60 7 84 73 93 76 56 57 73 7 88 
68 54 2 40 24 45 5 32 28 82 0 88 49 42 45 74 73 1 58 80 56 16 63 0 53 35 99 62 61 54 37 29 27 21 53 72 40 75 27 6 95 27 38 51 35 6 9 98 67 84 30 39 55 39 92 38 30 0 27 1 95 91 29 57 68 77 7 80 35 32 96 13 50 55 93 57 54 95 26 12 24 57 4 91 81 24 52 5 10 50 35 67 66 22 98 56 30 52 72 33 
65 84 5 73 66 56 29 5 30 97 57 34 95 24 57 27 53 77 31 65 91 63 8 35 13 53 12 71 11 93 95 78 78 31 1 35 89 68 81 7 20 4 49 3 79 40 9 15 57 0 6 14 43 8 5 22 42 61 5 73 50 99 32 7 95 17 57 38 21 52 97 88 74 75 47 56 62 18 51 4 8 34 45 41 60 69 55 23 88 58 58 62 2 59 81 89 62 81 36 86 
8 20 63 47 49 11 79 24 39 54 51 85 90 59 71 29 12 21 33 46 91 28 18 35 9 45 12 39 64 72 91 44 84 39 68 0 30 81 0 67 26 68 82 94 83 54 69 58 57 90 52 11 15 22 15 46 26 20 33 82 46 70 66 7 60 63 83 36 35 50 91 6 83 60 92 47 35 5 74 68 98 54 0 79 32 98 77 50 21 30 97 20 22 31 96 59 31 62 45 58 
14 65 55 87 58 21 36 37 58 98 87 60 54 14 68 61 38 14 17 24 50 73 31 39 38 7 5 85 75 97 5 14 18 65 85 25 43 96 11 35 96 58 59 66 95 54 61 42 1 63 43 10 13 70 32 30 5 57 78 28 19 12 17 97 58 33 64 21 82 45 52 58 61 9 35 8 72 46 86 21 85 13 82 11 95 61 76 34 99 78 87 60 39 6 45 42 20 18 37 77 
99 52 36 64 30 50 19 8 17 50 60 6 87 31 22 23 94 38 74 98 95 66 96 81 91 33 90 33 79 72 67 88 3 21 15 27 9 15 34 77 46 9 6 85 1 23 9 39 59 13 15 50 35 25 91 20 83 27 32 95 15 87 11 42 16 71 12 31 39 70 65 28 91 56 57 91 89 95 8 46 22 85 62 31 94 91 19 0 3 49 86 66 40 55 17 24 43 80 28 70 
29 24 19 27 32 7 17 35 45 92 82 93 64 7 16 23 76 3 82 74 23 75 13 65 62 3 88 13 73 42 34 18 81 85 25 44 98 2 29 37 95 94 77 54 11 15 89 25 85 43 41 16 64 37 44 81 89 33 53 17 76 6 10 27 1 65 74 3 99 97 49 66 97 53 33 3 9 37 96 42 93 53 43 72 28 18 20 92 65 11 95 5 70 39 14 91 92 79 43 59 
64 67 34 65 41 88 83 71 53 49 93 92 37 54 64 10 64 24 53 13 94 78 27 72 58 31 36 52 89 81 36 96 2 13 88 90 18 56 15 87 14 14 49 38 83 29 70 93 45 9 98 4 16 73 80 10 87 20 12 98 94 57 12 90 3 51 51 77 47 17 40 6 22 54 68 24 32 72 15 45 81 18 83 42 36 10 79 40 27 35 19 55 74 0 55 82 77 49 37 39 
50 35 27 44 48 35 29 67 84 73 79 54 74 47 78 10 88 3 72 9 89 24 41 69 93 70 42 39 78 31 37 32 14 42 3 14 16 50 53 34 72 30 99 0 3 11 24 5 46 1 62 93 73 87 1 59 83 30 37 89 12 40 13 58 91 74 85 23 62 42 68 97 58 41 34 96 99 16 8 1 40 28 82 28 23 44 63 22 8 18 95 56 66 6 1 31 97 70 49 39 
42 9 73 81 40 6 37 10 72 48 83 84 72 72 15 83 67 34 33 68 32 68 65 93 43 43 83 42 16 71 58 90 24 65 12 49 13 3 84 8 53 84 84 53 76 28 74 49 85 18 56 20 47 21 83 11 97 88 72 63 65 25 0 69 60 15 34 77 4 34 6 52 14 20 13 81 82 26 58 15 1 8 19 75 81 21 76 55 59 29 30 7 22 44 92 95 18 15 63 22 
75 17 60 29 51 3 86 91 21 32 60 31 91 72 48 79 63 15 96 24 49 73 57 33 36 15 2 49 82 73 62 83 17 62 61 24 36 3 20 79 57 51 95 76 80 26 11 19 47 85 20 82 63 18 93 14 51 60 25 37 48 53 36 4 86 90 78 48 61 6 79 90 82 87 36 87 6 77 17 95 94 85 48 25 17 78 85 96 80 33 78 33 33 2 96 9 42 52 7 41 
30 89 94 79 59 84 15 2 58 19 82 56 25 36 3 70 76 18 53 41 65 99 72 33 99 89 63 31 73 42 35 3 31 12 42 10 82 53 83 80 9 94 93 21 62 66 98 68 82 62 62 89 84 54 4 31 92 70 28 17 99 54 2 99 36 23 6 95 43 79 21 13 77 3 15 26 27 35 41 96 0 49 80 54 44 66 66 81 38 21 60 56 76 49 78 52 30 21 7 59 
64 78 96 86 32 62 19 52 7 10 90 88 38 9 50 34 84 70 5 67 83 34 99 51 56 31 52 14 79 96 45 33 2 74 69 14 25 42 82 54 85 25 36 82 57 52 57 32 78 39 26 31 18 24 60 14 23 0 7 98 5 86 55 29 81 91 87 69 55 36 23 36 47 86 53 38 31 47 92 1 65 54 56 47 50 92 0 37 62 31 12 15 2 84 49 72 54 56 27 23 
8 21 3 78 44 34 10 42 18 46 52 4 49 56 16 82 73 94 46 57 55 34 2 65 56 38 81 29 75 3 21 73 11 27 86 73 56 12 62 16 56 88 12 13 98 64 49 33 22 2 71 21 51 87 59 49 29 79 8 49 29 30 20 46 48 70 15 56 67 38 62 36 35 3 85 49 47 65 88 19 21 76 82 21 99 7 95 26 67 97 33 86 37 10 41 95 47 56 35 44 
89 58 13 76 26 33 23 74 35 78 24 28 74 32 68 30 10 78 11 48 33 26 93 78 45 83 51 3 52 39 69 28 2 98 12 38 81 79 21 99 23 64 74 72 33 65 53 27 95 91 35 68 71 95 7 73 39 92 11 46 91 65 14 48 50 76 14 85 36 93 16 73 44 19 10 92 66 32 36 8 36 4 46 93 40 16 61 29 66 50 72 96 8 28 5 84 77 57 96 42 
6 47 47 30 98 39 27 91 25 5 90 10 72 11 85 63 50 52 51 16 74 10 43 54 27 77 19 65 28 0 94 28 29 33 99 45 81 28 46 66 75 76 62 16 14 77 83 46 92 57 14 17 74 90 23 79 56 83 7 30 41 75 67 59 52 94 95 74 54 89 78 44 66 24 41 54 36 38 61 3 38 1 62 25 12 78 2 64 52 0 94 95 25 16 63 7 40 63 68 14 
79 31 92 9 95 15 22 64 13 30 31 89 13 77 78 11 67 36 25 91 53 38 80 57 89 64 60 13 71 24 86 44 18 30 11 77 75 67 74 63 81 28 96 25 19 61 87 91 47 59 98 6 13 58 68 87 67 59 84 40 42 49 64 16 93 2 88 25 68 85 72 14 48 9 12 53 77 85 56 93 28 78 49 17 70 8 43 37 33 49 59 17 97 62 86 35 66 31 94 92 
20 29 69 58 50 90 0 83 23 32 58 90 51 30 61 90 42 24 20 72 90 49 98 62 33 38 13 8 59 68 95 42 89 74 89 77 56 48 0 51 10 40 5 65 22 19 47 59 63 25 32 63 5 8 68 61 88 10 13 27 62 39 76 3 53 54 95 38 68 42 43 19 68 99 20 15 46 20 7 48 51 89 78 30 48 19 98 58 91 26 26 61 62 2 51 32 35 51 60 14 
19 27 18 81 51 18 95 10 63 47 28 7 5 74 35 38 86 4 40 91 47 58 34 84 15 54 24 13 75 70 31 91 10 62 37 89 21 29 4 72 42 78 26 54 73 61 87 62 15 23 65 62 79 62 28 27 73 62 86 56 96 35 29 68 71 76 39 89 28 11 84 29 85 98 74 96 19 50 89 54 35 10 42 99 26 45 70 19 20 28 22 35 4 90 13 53 68 37 48 95 
99 38 90 55 94 63 36 6 23 28 74 14 10 63 58 92 42 73 96 78 76 90 40 85 86 30 52 67 63 45 17 43 13 64 75 72 35 29 27 15 77 37 13 51 36 88 94 27 98 92 19 27 21 25 71 3 78 73 22 9 86 40 22 63 32 30 42 8 42 56 96 83 29 35 19 52 73 23 53 51 10 39 23 71 7 45 3 11 65 89 70 55 63 29 62 85 99 0 25 5 
46 7 74 98 35 67 43 18 49 80 64 37 82 38 67 56 14 98 85 32 13 99 88 61 56 93 26 96 38 21 40 53 10 51 54 45 7 1 82 91 57 73 79 56 94 60 84 8 55 36 53 11 7 46 73 60 88 12 29 49 25 63 72 47 0 56 52 35 33 57 68 29 23 17 73 4 14 3 82 67 76 46 34 90 11 28 97 64 19 70 8 18 84 12 49 0 7 62 7 72 
22 70 76 32 68 31 79 41 22 81 8 79 54 53 13 72 74 91 72 27 73 23 58 14 19 45 38 99 95 13 15 93 92 69 22 42 53 72 88 88 50 27 82 6 34 17 66 57 58 73 80 19 70 94 65 2 18 22 48 8 88 52 97 93 53 98 95 85 96 32 81 60 42 65 1 88 90 38 60 38 9 60 20 83 66 45 38 12 54 23 62 75 46 96 1 28 87 89 27 29 
19 74 29 34 26 66 1 39 0 80 83 34 21 60 22 12 49 38 11 35 9 83 69 53 93 66 58 51 32 26 85 52 77 96 61 12 47 92 57 89 35 82 84 97 72 3 26 4 3 74 44 55 20 56 33 77 85 79 97 9 38 81 18 80 85 32 65 32 63 57 90 10 34 50 67 72 52 4 18 77 48 57 80 89 72 48 25 60 47 98 34 10 7 77 42 81 65 23 48 18 
84 26 87 20 39 62 95 94 39 94 15 87 69 26 96 44 27 20 89 24 29 82 76 91 86 59 84 1 32 9 46 60 32 55 17 49 17 95 53 67 88 62 52 36 80 58 19 56 71 84 79 71 88 62 55 15 75 59 8 2 34 34 84 76 81 15 83 36 72 0 84 51 39 48 62 6 63 66 70 90 67 7 20 81 9 7 24 10 86 25 91 51 87 46 10 46 85 0 34 2 
40 63 89 71 12 48 24 57 32 64 93 5 26 75 79 44 42 21 99 60 51 29 13 65 71 96 32 40 50 88 22 42 21 6 59 10 47 5 56 91 69 72 55 57 78 94 29 98 73 44 47 18 78 26 97 34 66 37 76 96 95 12 42 32 15 22 11 49 60 88 82 26 84 80 49 95 2 89 21 91 17 87 29 59 31 61 36 1 48 61 1 77 56 24 63 24 54 39 81 95 
23 49 71 54 23 47 90 93 22 72 9 45 53 96 96 88 50 94 1 43 29 28 13 8 81 64 92 19 3 89 68 84 84 96 27 13 93 64 19 62 14 42 53 66 99 89 25 72 63 45 37 58 86 34 84 40 74 56 14 56 92 40 57 80 43 53 65 53 5 0 99 63 70 53 26 69 66 51 80 39 10 14 28 17 93 10 71 21 47 11 52 59 50 63 59 76 85 32 6 69 
1 55 51 62 30 39 72 15 66 6 84 45 80 88 29 68 23 30 94 27 68 62 3 25 38 99 11 91 4 0 13 34 88 32 54 14 82 93 74 7 75 45 49 75 79 81 76 44 85 96 56 31 81 25 7 65 82 61 36 73 82 74 87 31 2 41 9 35 98 27 25 61 5 34 16 40 61 83 7 48 81 85 90 60 82 72 7 35 76 26 19 67 13 94 72 24 51 24 12 74 
66 37 56 73 96 35 77 48 96 79 35 32 85 76 84 79 52 95 23 68 78 49 0 76 43 84 51 17 72 30 78 38 87 74 76 48 24 17 20 36 70 68 15 93 0 51 17 6 81 1 16 75 78 13 42 0 30 56 48 99 99 7 80 28 47 44 29 69 29 88 51 31 17 40 40 38 25 96 57 59 14 23 54 12 31 77 65 0 52 73 96 65 1 11 85 74 12 1 38 1 
48 88 73 93 23 1 81 87 30 32 33 50 76 77 76 48 29 34 51 99 0 21 67 24 46 61 82 2 32 90 63 46 87 60 76 74 83 12 80 36 50 83 97 49 5 67 99 62 87 12 33 45 13 70 40 26 67 23 14 68 5 39 41 26 83 90 72 91 49 89 85 94 81 45 20 58 95 17 79 10 63 47 74 19 81 9 36 5 94 87 54 14 45 99 48 5 37 24 70 52 
49 64 22 48 23 14 3 41 13 66 11 28 40 38 56 59 43 17 83 69 93 22 30 22 50 40 67 53 19 51 30 59 62 57 88 63 40 25 1 52 50 80 67 65 70 26 19 4 19 24 79 72 26 96 57 27 63 16 23 60 27 62 7 14 87 7 21 82 92 83 95 77 40 41 24 76 2 88 96 11 45 44 71 80 91 48 80 62 80 72 80 22 95 19 10 8 97 43 33 93 
43 92 88 63 38 50 66 34 18 66 11 42 73 50 5 37 78 20 62 54 76 0 9 81 89 84 74 65 53 78 80 60 85 32 9 19 8 63 88 85 99 76 7 48 4 30 38 29 85 58 28 91 77 51 58 91 72 23 56 34 63 41 53 96 47 15 10 12 70 87 87 56 25 72 24 9 20 60 69 26 67 75 25 26 58 27 12 83 40 74 8 94 19 87 52 56 83 56 98 74 
20 20 39 84 77 72 88 70 86 36 67 35 84 23 90 33 75 14 99 70 21 41 1 50 62 23 54 40 54 45 42 65 74 8 23 19 29 38 84 98 19 5 79 49 60 58 18 22 69 21 54 3 75 2 31 68 10 4 75 61 17 0 97 38 96 52 95 20 95 92 23 93 45 4 90 67 15 35 30 93 58 76 18 50 98 3 88 14 36 79 2 74 91 50 44 8 98 8 48 59 
49 3 35 48 13 21 27 69 73 16 2 9 15 27 74 55 46 26 13 44 29 44 0 47 31 22 90 20 41 47 22 21 33 2 12 50 16 32 23 11 86 31 65 94 24 73 11 7 11 21 13 8 56 51 40 61 91 82 96 76 3 67 24 33 53 27 99 83 65 97 86 62 74 81 12 0 22 4 93 41 49 13 9 56 68 3 99 39 89 32 81 46 41 78 7 35 51 84 4 24 
83 63 31 69 89 69 90 8 23 90 59 34 84 57 56 28 99 93 96 49 11 45 90 22 0 81 26 43 30 18 54 12 48 99 15 56 16 1 40 25 97 60 85 44 69 51 24 58 64 34 24 8 72 93 23 58 3 64 50 90 94 73 2 47 83 93 65 60 69 87 89 23 22 26 24 6 90 25 13 48 63 52 51 39 56 56 71 76 53 98 14 47 47 1 23 58 92 17 86 96 
98 40 58 99 64 55 36 65 69 12 44 89 7 31 80 78 43 14 83 20 76 45 35 67 57 85 86 36 99 99 89 88 49 76 59 12 70 33 88 15 20 52 65 2 94 45 95 9 81 18 98 28 7 83 65 81 24 51 83 97 40 19 91 41 36 47 91 18 67 98 21 54 97 17 75 34 3 48 86 57 82 21 81 70 33 77 31 29 16 21 93 89 67 76 20 38 5 9 14 65 
33 11 83 1 14 19 39 65 95 50 78 61 90 15 52 9 56 47 70 99 65 92 56 53 16 23 39 3 66 85 78 30 95 84 61 45 21 37 5 63 76 81 78 2 18 60 86 38 95 65 89 88 67 96 37 56 71 68 88 45 30 73 20 52 29 12 19 92 97 20 15 33 7 90 60 74 72 84 55 40 14 55 5 7 55 0 88 99 0 3 85 11 5 3 7 0 91 85 94 90 
54 56 36 98 96 12 76 51 29 22 16 99 65 96 9 8 55 10 20 4 16 71 79 29 66 43 25 65 89 37 30 97 39 69 90 18 31 5 51 49 98 43 21 87 76 85 66 92 96 0 2 61 17 74 37 8 19 31 86 7 11 29 10 87 62 83 58 42 53 75 17 62 49 20 9 13 63 42 11 2 39 47 25 50 16 30 25 94 39 42 27 74 97 37 27 7 66 61 43 49 
48 51 81 64 24 26 77 4 55 3 26 59 42 99 6 13 10 76 19 86 62 19 72 15 32 93 12 54 28 68 73 47 22 17 56 75 89 44 48 56 62 60 96 65 31 7 85 56 9 4 72 57 25 75 40 69 86 80 74 98 86 8 70 5 89 73 61 21 86 89 99 90 77 88 47 30 97 57 93 47 75 93 40 25 98 62 4 73 44 68 25 25 49 85 72 18 55 38 61 80 
14 76 70 89 13 52 47 77 59 39 51 76 47 41 22 21 50 0 63 89 39 15 20 63 21 7 15 46 35 90 87 67 40 62 84 98 24 36 3 75 11 14 38 1 52 30 91 85 13 76 6 43 21 98 19 51 74 86 24 10 61 87 84 83 34 39 25 55 20 76 32 35 36 78 23 73 96 33 58 6 88 88 44 23 56 45 27 41 45 37 10 21 48 78 4 35 59 67 39 62 
23 96 90 49 22 63 33 69 70 6 44 79 73 94 82 75 23 7 84 97 36 9 83 23 94 63 66 75 47 45 19 46 39 3 4 17 53 72 17 64 78 93 76 80 66 95 47 9 85 54 9 28 49 58 0 20 78 61 71 4 30 39 92 0 55 63 14 56 49 11 18 58 72 89 23 98 97 27 57 64 56 40 59 17 82 8 19 13 28 14 90 28 68 87 35 75 38 22 29 89 
90 22 1 15 24 48 60 64 60 61 21 37 95 42 98 96 5 86 16 93 88 80 36 73 57 30 55 15 78 85 69 53 28 18 54 60 18 36 5 22 18 75 37 91 46 88 65 73 13 22 91 17 19 72 28 35 58 44 10 65 74 4 93 95 76 79 92 76 22 10 11 93 62 11 97 46 1 93 72 5 38 14 35 0 95 58 59 25 29 41 20 24 42 90 34 43 12 56 16 48 
85 45 12 44 86 18 81 54 68 27 40 88 75 35 64 54 5 54 64 67 31 40 63 60 14 5 64 65 85 7 89 46 73 7 44 19 81 48 23 92 3 44 97 32 54 89 87 51 25 35 52 25 85 58 0 61 6 27 97 46 4 54 28 13 99 74 18 74 3 89 90 99 78 17 74 59 2 87 64 28 76 58 71 80 49 87 93 52 15 61 92 13 47 58 76 42 28 84 23 10 
76 96 32 80 49 10 84 68 11 7 18 12 96 35 44 87 13 83 22 80 19 59 39 2 24 83 98 63 38 23 83 74 20 66 26 26 52 35 6 4 41 99 26 59 71 66 68 82 95 78 91 21 79 96 79 66 73 96 53 63 23 68 65 23 55 95 3 65 40 59 33 21 16 80 91 58 71 35 46 10 17 36 95 80 39 66 51 32 72 3 87 90 93 46 77 56 69 51 91 13 
15 72 25 21 93 6 6 52 46 78 91 30 30 92 54 24 60 15 8 40 92 42 37 88 42 71 69 89 47 2 36 87 27 44 89 84 26 37 18 85 31 54 55 42 17 51 13 14 80 44 41 6 4 22 1 66 45 45 62 46 3 56 43 26 74 4 1 33 4 32 72 94 42 8 61 62 32 53 72 72 61 73 83 95 46 59 63 56 22 89 19 96 90 88 11 34 74 64 50 0 
80 56 64 73 74 36 45 15 22 46 22 16 5 42 37 47 89 33 66 52 17 75 41 22 89 79 58 44 21 23 92 1 40 46 49 53 77 90 80 4 35 41 12 57 70 42 52 80 65 31 79 80 13 31 11 80 46 77 60 47 65 3 62 93 70 36 39 83 14 38 14 78 51 24 13 4 27 86 16 92 78 43 26 55 52 4 43 11 43 2 54 31 65 74 1 79 84 2 72 17 
29 71 2 96 50 81 58 92 60 42 20 90 92 59 54 58 18 27 29 94 90 42 32 12 33 29 25 71 68 54 73 94 82 66 73 62 76 69 66 81 4 94 69 62 76 76 3 63 13 53 38 57 33 88 9 35 28 48 53 98 1 70 97 23 49 51 30 92 74 84 82 32 13 14 70 5 56 26 2 9 22 87 74 73 15 37 58 71 28 94 49 62 30 71 14 34 59 78 18 15 
86 85 74 63 86 94 40 62 33 8 7 89 9 24 52 88 44 53 42 21 88 21 50 78 5 73 92 25 14 47 53 2 53 10 1 57 71 13 34 22 67 64 93 97 58 75 93 69 96 4 18 80 16 99 0 39 1 68 88 16 75 13 26 69 84 57 80 87 33 0 53 47 55 32 29 52 66 71 92 17 42 94 30 36 1 53 50 19 62 48 82 25 11 54 37 13 17 35 18 59 
18 75 0 51 87 57 75 38 47 65 86 18 24 98 13 41 13 27 25 97 0 8 45 67 12 64 91 73 26 20 12 4 23 42 88 22 25 87 46 64 95 29 83 35 46 94 59 8 41 53 56 70 55 14 70 47 80 92 4 1 13 56 85 14 60 25 69 58 60 6 82 33 56 55 2 41 10 60 22 12 53 46 52 8 35 36 44 66 33 37 96 58 16 26 14 14 54 99 2 73 
15 33 48 13 56 87 31 54 21 81 71 21 34 80 93 66 48 43 76 57 9 89 25 87 38 48 70 83 83 65 24 22 80 25 32 97 38 88 39 72 47 76 8 32 18 9 66 1 99 46 65 76 55 22 30 40 10 76 14 69 36 3 6 6 78 10 45 76 25 12 62 35 20 71 89 4 55 10 31 23 58 23 4 77 38 29 85 46 70 3 62 9 90 85 33 72 93 16 24 30 
59 61 47 98 9 24 58 89 75 47 25 15 62 20 41 74 72 94 74 16 81 57 21 38 0 67 93 76 81 11 28 7 63 92 15 57 76 97 86 4 60 3 92 41 48 22 11 78 56 13 54 2 7 1 92 84 37 25 81 55 26 31 42 48 73 48 93 20 55 56 33 24 41 80 15 10 82 85 46 58 2 10 57 68 80 37 30 40 23 54 69 87 12 11 5 52 45 95 82 44 
40 37 84 53 93 0 83 41 34 65 32 13 70 88 54 59 96 35 16 53 93 71 2 99 55 64 18 16 15 47 58 60 61 14 15 24 46 8 96 62 35 22 46 3 72 8 90 94 15 68 86 7 67 44 32 60 39 34 69 99 67 9 4 44 13 25 57 64 43 96 93 86 16 19 23 84 68 19 20 42 66 80 35 75 13 29 50 52 44 37 5 85 69 69 9 84 87 52 3 29 
76 15 50 96 75 25 21 5 67 50 69 45 7 18 47 59 79 1 89 34 50 57 95 22 37 71 4 81 45 41 96 35 53 99 24 60 75 40 20 13 91 56 5 25 63 32 99 26 33 54 56 10 70 81 34 87 72 43 94 46 42 45 9 27 30 70 7 54 44 40 97 12 13 8 71 50 27 40 59 65 87 38 32 29 46 2 75 15 84 32 90 36 70 15 6 80 47 1 34 99 
42 33 80 3 26 97 80 30 85 99 14 98 73 86 73 86 92 12 57 70 39 43 13 50 85 13 2 59 24 56 14 62 65 30 56 17 96 36 91 91 63 69 81 8 3 86 6 17 82 79 49 49 83 96 54 0 39 97 9 94 66 47 62 20 1 16 6 43 13 25 64 33 11 78 63 3 5 77 36 75 90 99 7 3 42 67 14 78 56 32 60 12 91 41 67 28 10 75 61 31 
11 12 73 66 19 57 25 24 56 57 70 87 58 11 78 16 26 84 69 53 20 18 47 62 68 60 29 54 16 95 50 99 8 4 28 20 38 44 51 34 82 36 61 25 92 56 66 1 97 26 98 4 84 91 49 26 82 10 83 78 40 36 56 18 39 59 81 26 19 73 52 97 93 15 32 42 63 11 69 93 94 30 58 56 30 90 75 79 95 84 41 21 36 57 20 61 51 19 25 1 
12 89 60 34 75 82 84 64 75 85 4 28 41 48 12 43 43 61 85 89 61 30 88 54 57 92 6 91 10 49 60 68 0 36 37 96 6 41 20 70 64 97 82 35 9 88 97 83 36 14 34 24 39 79 20 21 92 7 69 32 31 0 25 31 63 93 96 95 4 87 89 73 34 2 69 36 56 78 56 68 59 66 98 41 12 85 0 47 23 39 22 9 74 74 68 39 49 14 76 72 
43 97 43 75 49 51 57 50 85 30 10 32 90 69 46 64 6 86 37 3 68 64 68 32 87 30 47 50 38 49 75 94 74 7 77 15 45 5 27 90 48 43 15 61 7 78 2 71 68 43 47 1 41 57 0 84 94 43 55 70 6 91 13 93 33 33 28 14 86 92 87 30 13 38 70 47 56 87 17 44 90 0 17 2 60 0 37 66 7 74 63 83 34 0 67 26 72 47 35 2 
4 80 64 73 33 55 83 28 48 22 64 18 80 88 75 41 4 75 20 12 51 43 13 80 60 71 40 11 55 9 83 57 96 33 46 15 38 86 36 86 23 16 6 62 62 61 94 34 53 35 48 85 0 49 57 69 61 6 58 31 66 62 27 31 56 58 79 17 45 42 14 52 89 69 64 71 12 89 18 41 51 4 78 73 75 82 20 98 14 39 70 27 37 39 68 58 13 96 28 98 
87 57 80 63 54 53 49 33 50 97 62 35 42 41 90 61 85 52 34 64 21 11 83 37 12 24 41 48 28 91 88 6 6 49 4 38 58 75 66 0 48 29 19 95 38 8 87 60 16 20 6 6 56 98 62 60 23 89 59 57 59 23 41 18 0 23 62 37 69 80 7 53 26 49 56 86 79 71 66 46 38 66 81 76 89 44 62 88 15 22 10 15 64 44 59 5 47 71 71 36 
27 49 87 31 89 76 78 79 41 99 10 20 69 62 82 3 58 64 61 10 78 2 17 72 2 73 75 67 41 36 55 20 68 95 83 70 51 12 33 90 28 96 96 45 79 91 34 94 98 12 95 9 25 26 85 48 61 36 9 65 56 84 13 84 92 9 90 35 50 47 8 15 80 38 91 81 82 31 8 69 8 42 93 97 13 78 85 77 28 55 40 54 18 33 49 4 67 46 1 49 
64 26 31 95 38 36 52 13 80 8 13 92 58 11 3 79 16 94 34 73 25 63 37 50 66 52 45 1 94 65 91 0 63 45 71 49 0 39 95 88 88 3 33 4 79 14 36 54 24 62 88 59 7 59 27 34 92 33 87 70 35 63 33 69 57 51 72 37 39 32 23 50 34 16 55 92 3 17 89 54 8 62 42 72 22 45 95 45 64 52 35 56 92 72 55 99 12 18 17 36 
56 64 33 35 66 34 48 57 26 18 17 68 55 53 68 23 58 27 13 83 6 40 90 9 23 28 72 94 39 32 63 33 50 66 12 12 44 31 47 38 76 91 69 47 3 52 43 40 95 46 48 12 18 79 63 99 94 3 61 55 66 2 42 88 20 61 69 4 80 65 33 91 17 6 80 39 3 95 87 23 17 50 88 25 20 7 35 1 32 72 21 41 0 92 25 14 32 12 39 68 
34 17 57 48 10 75 47 16 23 70 23 89 5 19 14 5 12 77 30 4 28 48 77 72 3 81 92 30 17 88 15 54 46 87 16 22 45 12 54 51 47 52 20 65 5 5 62 69 10 69 79 39 44 43 72 68 82 75 96 0 71 57 76 72 9 59 73 0 15 0 76 39 39 71 49 51 62 95 59 55 15 42 19 86 35 45 15 74 93 24 65 36 53 27 99 98 93 40 41 82 
45 22 14 41 47 73 59 68 89 82 58 37 5 45 61 34 61 6 97 61 9 5 98 91 61 6 80 63 23 87 0 81 57 71 91 76 3 27 38 39 28 58 34 79 45 51 26 49 42 86 7 66 52 14 40 32 54 73 70 31 4 80 5 52 73 39 88 92 51 53 49 4 57 55 20 39 48 10 74 46 66 8 53 83 23 95 38 4 56 78 18 58 86 51 89 31 47 86 44 1 
88 58 93 48 82 41 40 7 72 99 4 14 89 73 2 70 10 51 17 94 92 39 23 65 75 84 19 31 33 79 20 40 20 72 81 30 45 19 73 99 63 77 24 87 95 81 47 47 82 36 5 38 52 44 46 62 86 83 76 43 50 87 3 76 44 5 97 90 85 95 92 57 80 30 83 80 37 0 99 92 21 88 41 80 57 87 2 28 86 39 11 67 13 47 71 69 1 94 99 81 
6 79 24 23 31 88 69 17 97 5 67 83 61 36 1 45 63 27 68 96 61 97 17 88 44 1 89 44 46 23 85 98 11 52 58 96 3 72 13 3 60 38 78 56 48 92 74 0 23 63 40 32 38 21 94 92 54 93 83 48 86 0 95 13 74 61 33 5 74 58 84 49 75 45 53 73 16 55 52 25 23 28 73 95 33 95 81 22 27 5 37 97 79 48 42 14 26 28 54 5 
95 6 94 83 52 43 4 64 44 79 34 45 81 62 80 74 42 55 27 55 75 87 86 28 92 84 46 30 3 7 8 16 6 27 26 42 77 84 30 81 91 70 61 95 79 37 64 16 77 24 87 53 78 92 31 12 12 4 2 4 6 24 80 18 23 22 72 41 57 87 91 74 71 85 49 91 3 64 18 97 98 11 90 87 49 13 24 77 9 96 78 21 65 9 42 84 18 80 1 40 
71 50 37 53 43 72 85 90 32 57 61 25 81 48 71 6 62 75 76 83 2 96 84 79 45 90 21 17 39 3 17 12 29 63 5 25 15 94 65 63 81 98 2 65 18 51 43 36 62 41 55 47 87 32 2 57 42 73 74 14 55 19 67 72 42 59 62 55 79 5 94 58 28 8 5 44 18 20 90 51 57 77 54 52 84 79 88 72 21 92 44 1 12 74 8 48 82 6 94 5 
75 75 48 3 88 43 61 55 67 78 35 67 88 89 25 7 21 70 75 58 40 93 32 65 75 66 67 12 57 75 81 66 91 61 78 35 1 94 14 44 42 35 10 46 93 79 71 47 78 57 98 26 61 82 97 87 93 80 13 85 39 8 56 55 67 43 77 37 47 27 5 61 28 53 56 62 46 92 93 72 88 76 6 96 10 75 56 45 92 88 89 26 0 47 15 18 56 17 76 38 
66 72 94 46 27 45 53 67 17 39 10 42 57 87 51 37 45 90 48 42 50 50 80 44 76 41 73 62 92 34 16 41 66 30 0 65 29 46 20 87 44 70 71 14 50 97 92 60 88 14 39 10 30 42 10 22 71 6 71 23 28 64 45 66 20 9 0 84 65 46 22 32 94 35 76 67 40 71 30 21 65 2 82 45 3 27 10 92 85 30 8 66 65 65 14 73 34 49 58 26 
18 83 91 89 35 23 52 81 21 61 40 20 95 15 55 36 31 27 85 94 55 1 73 14 17 46 19 3 13 29 1 80 90 54 70 87 66 26 51 29 31 35 3 38 34 49 30 67 53 76 50 49 11 78 77 87 18 71 97 75 94 95 41 93 28 71 43 1 89 72 15 10 28 49 43 30 66 72 98 80 25 31 90 88 18 26 25 70 15 55 24 17 43 33 51 5 28 70 67 51 
35 25 73 88 50 15 55 69 79 83 44 53 51 3 32 51 77 77 45 2 3 68 83 6 66 64 95 57 38 3 6 69 32 84 52 20 52 60 43 98 21 24 76 85 19 58 81 95 14 99 20 55 28 0 31 25 93 11 24 11 18 41 67 32 76 22 62 89 1 33 52 77 44 37 57 73 33 74 9 51 59 32 26 30 85 92 68 74 26 68 83 98 80 82 27 27 32 11 7 43 
19 70 2 74 96 99 11 39 9 92 99 63 7 83 29 17 50 8 29 94 27 33 71 3 48 68 5 87 90 63 84 90 73 27 48 74 57 25 19 6 83 32 76 52 18 65 18 43 15 27 30 40 30 4 17 44 66 67 98 23 11 90 9 99 11 79 27 0 44 69 49 19 71 38 3 17 15 26 76 21 88 87 56 8 62 19 33 0 59 97 38 23 19 75 93 1 1 20 10 24 
31 17 96 88 37 6 17 70 60 18 5 65 57 74 35 11 19 50 94 75 65 33 32 55 75 72 0 57 55 0 78 95 99 95 13 48 98 83 65 35 8 61 33 46 98 97 2 67 61 7 28 6 5 30 64 96 97 3 24 18 6 84 55 40 25 61 8 99 80 38 32 45 47 78 81 0 63 84 30 79 16 69 92 20 20 1 24 5 11 25 42 0 64 28 68 64 83 16 80 34 
33 95 9 11 33 99 25 56 56 15 70 88 8 51 30 41 60 46 41 14 35 37 97 47 58 39 86 17 83 91 85 8 15 26 1 94 86 86 64 5 98 57 79 20 61 6 9 22 63 49 86 4 91 69 47 96 32 79 52 29 32 92 72 1 4 95 80 24 27 8 22 0 55 32 84 6 67 90 90 10 80 13 37 97 30 23 12 82 79 26 18 3 1 57 13 62 59 13 93 52 
38 64 17 19 13 78 95 26 47 58 57 45 10 64 78 0 4 4 37 65 73 81 42 60 64 63 67 26 19 17 97 67 72 32 19 40 2 24 17 37 87 8 49 32 3 12 38 90 28 88 90 34 72 64 22 27 24 58 23 61 46 27 55 7 77 86 56 99 72 82 40 6 76 70 98 34 90 54 80 93 20 51 62 8 14 15 30 12 17 90 56 95 75 51 4 19 2 39 17 58 
53 51 56 81 67 45 93 43 19 42 82 12 59 9 34 63 57 93 47 35 79 78 67 21 30 81 87 27 29 7 77 47 59 53 64 19 10 37 46 15 18 11 21 64 61 45 45 8 36 11 93 57 42 12 47 54 79 65 57 4 36 10 42 17 53 90 73 23 23 22 92 99 67 19 87 40 38 12 60 78 39 1 95 89 42 50 45 75 78 34 38 65 70 68 65 21 43 23 31 73 
53 40 28 70 26 8 44 44 35 2 66 69 33 83 89 84 43 89 33 59 59 77 97 70 74 8 32 66 56 32 24 62 51 74 69 1 3 75 60 60 26 75 40 5 4 29 85 5 78 25 74 74 74 66 74 23 26 24 15 92 2 12 19 61 63 73 92 59 26 36 78 49 24 95 50 7 51 95 96 96 73 61 89 16 92 93 82 9 1 82 46 68 72 53 82 50 36 25 61 72 
67 26 50 82 37 25 91 22 90 28 49 9 93 35 53 14 91 37 77 88 39 14 43 84 6 89 26 58 14 50 67 28 51 35 1 11 6 38 44 59 86 25 74 13 67 21 39 19 36 64 87 66 16 94 21 34 61 13 34 87 41 44 22 80 48 37 31 29 1 7 16 21 85 6 7 83 53 96 34 47 76 92 46 61 68 29 14 70 39 69 99 56 61 66 32 39 80 61 43 43 
32 37 72 8 48 39 97 75 45 76 91 75 37 94 1 36 3 62 82 67 61 21 20 90 82 17 90 45 17 23 86 73 65 11 67 12 23 84 28 22 33 76 50 6 33 94 98 96 89 74 43 69 63 20 2 63 80 66 83 3 13 91 47 80 74 76 46 90 35 16 59 3 43 86 74 40 54 35 97 27 30 81 2 44 98 4 60 26 59 50 52 40 66 84 87 71 58 51 13 89 
94 32 27 74 62 92 83 38 46 19 32 27 94 39 94 57 64 95 15 39 59 80 0 16 62 80 9 34 21 89 27 21 25 52 3 67 13 23 59 23 64 60 4 4 82 35 4 31 47 70 63 79 53 99 49 15 32 69 54 98 94 18 72 27 1 76 40 99 50 43 35 11 84 95 96 76 92 63 47 86 9 93 3 61 7 54 11 22 92 68 74 37 11 98 25 6 13 28 90 58 
60 16 74 82 93 84 25 42 25 53 61 39 32 11 48 81 95 30 63 45 6 77 24 74 35 25 82 54 32 52 52 46 59 45 90 41 65 3 22 43 10 70 70 65 79 98 45 84 47 83 65 18 18 47 68 6 98 34 34 28 12 7 94 45 35 4 91 92 19 47 53 68 78 50 27 68 61 72 55 53 1 1 36 11 92 88 16 43 96 30 94 79 56 46 29 78 68 99 78 61 
59 2 94 14 56 64 76 80 40 78 5 20 19 79 21 83 36 58 73 4 90 85 66 55 84 37 9 81 75 11 39 42 2 34 94 61 6 90 80 98 27 44 4 26 3 15 87 54 46 70 66 25 6 11 77 28 96 68 57 39 70 88 53 86 50 36 45 27 55 38 96 74 78 85 32 26 48 7 27 9 62 24 17 15 37 20 79 71 8 46 10 75 98 81 24 73 84 48 74 14 
94 89 39 26 69 3 72 84 50 92 89 27 8 72 62 29 43 95 81 79 52 37 71 94 7 12 14 48 4 1 22 33 17 95 46 32 56 20 53 45 5 10 80 45 93 85 42 36 81 89 19 13 44 51 57 78 10 71 72 46 27 9 0 73 11 44 13 99 79 9 10 28 41 36 28 65 3 56 41 78 73 58 12 23 80 57 56 21 45 87 77 99 11 42 93 69 68 59 91 95 
26 66 84 1 82 84 23 17 76 66 46 13 9 62 45 64 40 11 95 63 26 24 59 0 6 53 61 97 40 69 56 49 34 71 58 8 56 36 42 25 66 76 22 45 75 97 21 73 84 20 78 18 60 13 42 36 2 86 39 17 15 70 9 52 21 91 21 38 19 9 88 39 43 73 4 16 93 59 69 92 25 10 15 16 86 96 75 91 81 0 99 98 82 30 10 89 88 48 4 58 
95 95 86 73 89 28 41 52 46 51 77 20 53 95 23 96 78 75 62 10 65 45 26 19 55 17 70 74 88 48 44 80 40 82 87 71 74 64 48 56 54 46 52 17 10 76 61 11 75 63 30 64 96 87 40 37 19 7 30 49 19 16 21 29 75 33 97 67 45 94 86 41 65 84 31 40 86 5 59 88 13 4 68 53 33 47 4 22 59 7 86 86 63 68 86 72 18 14 48 59 
34 14 55 34 62 77 37 40 91 90 57 67 28 50 83 74 80 33 55 24 21 98 57 79 51 35 32 22 58 23 29 74 21 40 94 35 95 4 86 61 75 54 68 37 56 85 76 82 25 37 5 99 87 28 87 90 94 71 26 69 44 33 52 65 2 12 52 96 75 87 52 12 12 46 48 24 65 32 7 29 40 74 36 53 3 17 13 6 90 14 41 51 95 83 88 83 57 49 16 74 
51 8 29 91 21 99 88 7 55 16 23 95 77 9 11 68 83 21 91 44 82 57 92 47 58 19 62 68 78 64 51 8 97 60 73 33 38 62 92 35 90 1 96 21 4 31 92 36 1 63 72 47 62 12 36 86 83 87 94 28 9 53 92 15 94 35 93 59 79 10 2 10 34 83 55 42 5 42 88 63 71 40 61 87 42 11 69 35 17 69 90 96 42 64 48 54 82 33 61 23 
12 34 67 39 87 97 24 91 48 38 46 67 0 16 89 64 10 5 58 10 71 87 17 99 17 33 38 97 38 49 0 40 53 77 78 10 42 17 10 90 14 97 19 7 28 27 45 7 74 99 84 72 27 61 65 93 59 83 56 28 68 56 26 51 98 72 65 56 93 81 50 61 33 17 38 56 31 9 73 39 22 85 62 24 92 53 47 31 70 24 95 44 13 26 49 26 95 71 0 88 
70 34 67 20 86 51 4 33 13 37 8 45 94 7 85 50 46 57 34 24 7 14 65 16 78 67 98 0 40 10 96 26 63 92 14 9 70 71 92 98 46 89 78 36 42 97 84 10 61 7 86 12 7 38 14 28 66 59 28 30 78 81 5 71 30 3 31 66 60 1 23 59 34 11 32 88 3 3 68 45 82 5 57 32 21 95 25 13 48 49 85 6 35 59 86 2 30 22 45 91 
83 53 85 37 13 20 78 1 27 64 48 38 11 20 57 79 84 75 31 41 26 59 5 43 20 77 8 7 18 6 81 10 17 90 77 59 51 36 47 8 84 37 81 50 89 63 50 45 46 52 64 35 35 7 49 85 94 84 10 55 48 47 50 81 85 66 72 33 49 82 96 0 52 30 95 55 20 80 29 51 74 19 67 56 75 86 33 41 27 49 77 24 43 9 53 19 26 47 81 48 
73 19 37 29 1 43 89 39 77 81 41 44 48 24 24 82 9 24 0 42 13 31 96 41 87 92 85 5 66 94 93 99 89 76 72 44 41 55 76 98 58 55 92 0 31 67 24 96 39 84 47 84 87 37 32 71 0 64 63 10 8 82 35 62 59 51 64 56 6 72 71 6 1 54 43 55 5 36 35 67 92 68 97 91 36 30 53 96 66 32 94 2 40 77 8 94 81 80 63 33 
71 48 99 49 4 2 48 78 97 2 92 2 1 46 99 16 66 27 6 75 1 69 79 45 30 25 88 90 17 69 78 43 64 92 91 59 1 27 51 92 84 95 8 57 92 59 20 39 28 28 8 45 21 23 70 64 98 31 90 62 61 60 8 47 96 68 20 42 91 24 88 22 60 57 70 96 90 51 25 98 90 25 18 84 6 42 50 10 45 19 70 99 8 99 10 32 25 56 30 88 
69 62 14 51 98 56 39 64 91 65 30 99 0 89 69 54 5 10 20 0 85 97 30 32 14 32 63 83 94 23 76 28 1 9 45 87 58 46 15 84 20 23 10 37 58 86 68 27 28 14 43 72 51 93 35 41 38 44 40 11 23 94 51 71 46 5 90 6 13 98 73 56 99 7 34 41 80 26 96 49 20 47 36 32 91 90 68 15 38 90 68 88 89 41 90 40 32 94 45 9 
49 3 61 25 85 74 25 29 94 14 41 82 26 37 42 12 70 25 79 20 37 96 68 50 42 60 34 67 19 19 29 91 7 6 37 14 35 84 96 83 80 70 66 66 21 80 26 3 30 50 28 3 87 20 48 94 87 31 66 96 67 65 55 8 72 75 62 91 36 65 86 15 35 33 39 15 12 44 79 28 69 9 84 21 77 59 75 75 44 22 43 16 64 16 58 81 47 58 11 69 
