51 39 16 1 67 59 51 82 42 24 99 22 77 68 81 22 61 71 50 90 47 97 58 56 40 87 93 77 74 94 99 92 99 63 70 64 1 78 59 12 93 62 97 33 43 28 93 11 10 35 
90 99 72 44 34 85 37 5 14 24 93 95 87 42 87 41 2 70 84 79 62 74 59 55 23 10 41 48 60 22 16 20 92 76 40 40 66 82 42 19 75 80 36 92 56 53 81 43 80 39 
81 57 23 73 80 42 20 8 60 53 68 28 55 54 4 67 89 26 83 40 57 67 47 18 84 1 78 35 71 82 28 51 41 1 43 28 96 97 93 80 70 52 41 12 71 96 61 22 9 98 
27 34 92 26 95 69 31 94 64 12 51 38 97 19 22 83 33 67 43 98 34 68 60 80 47 67 40 48 28 81 34 4 78 48 81 7 43 26 22 95 34 82 79 63 59 46 6 59 78 98 
61 58 58 50 30 84 24 0 2 44 88 10 18 80 23 11 30 60 33 11 53 79 82 91 45 8 47 64 51 41 66 38 18 93 10 62 1 35 19 59 97 89 18 43 95 46 91 29 6 3 
4 6 65 48 73 95 40 98 13 1 99 60 64 86 82 59 17 30 3 58 54 76 97 58 17 36 15 9 82 25 45 57 14 91 16 80 86 28 83 61 4 14 9 1 45 14 54 44 4 84 
90 61 90 56 75 65 78 75 77 98 7 60 10 14 84 36 48 48 99 4 64 25 89 19 89 68 20 43 0 7 50 8 24 76 30 18 33 88 13 42 97 25 14 44 71 2 85 11 16 7 
68 78 34 22 95 94 58 17 10 72 85 45 24 16 87 51 14 90 73 12 29 12 71 26 28 96 91 85 50 76 91 67 26 87 13 24 71 81 58 60 74 42 42 58 22 54 42 89 96 17 
97 93 86 58 79 21 81 49 34 30 70 21 95 58 73 78 85 66 60 79 8 93 17 7 97 14 27 90 32 47 66 14 39 87 42 11 49 13 76 78 96 74 90 0 99 61 56 43 66 61 
59 53 44 31 47 65 48 52 15 58 55 33 52 81 65 54 3 63 25 99 62 71 38 93 13 92 87 80 59 50 5 85 92 25 18 79 11 95 90 14 52 52 18 75 31 27 5 25 37 38 
99 91 54 28 54 95 4 38 58 3 76 16 16 54 38 18 31 25 33 50 47 78 27 27 81 57 78 71 26 65 5 53 15 89 17 26 69 28 11 73 66 37 4 32 12 19 66 41 33 13 
47 65 46 93 55 0 84 78 83 45 88 46 86 83 29 77 83 20 43 39 13 97 75 12 18 2 73 70 39 8 21 38 86 16 45 43 6 49 19 95 3 93 87 40 89 4 14 94 27 78 
1 18 6 66 31 42 32 11 12 29 74 18 12 82 65 28 35 48 76 81 90 49 76 4 50 91 78 49 60 34 97 45 97 51 84 37 99 28 34 50 35 25 14 39 32 47 2 99 4 35 
50 29 53 33 42 9 71 42 4 13 37 7 51 76 21 99 93 57 59 58 53 59 88 54 24 64 31 54 57 44 40 62 4 59 77 62 85 53 10 10 48 88 99 46 18 7 59 57 37 3 
3 39 93 87 77 52 96 80 67 47 31 84 63 95 73 58 48 71 59 59 21 47 45 59 48 66 69 19 33 91 13 13 12 33 29 97 44 54 9 3 18 17 64 89 62 99 14 14 35 79 
63 27 97 9 52 5 34 77 81 67 62 35 40 53 76 50 78 61 60 1 35 10 42 82 71 74 51 77 42 40 55 27 67 1 58 88 56 2 59 65 9 87 94 94 63 19 37 95 99 64 
33 70 36 76 49 8 76 27 83 39 62 11 6 75 16 42 61 43 62 87 38 43 75 28 48 44 14 65 85 84 25 1 31 38 97 65 94 48 41 21 75 91 69 31 6 35 29 13 24 8 
2 91 71 75 15 12 74 29 52 77 62 93 59 80 57 92 65 73 85 78 68 35 73 46 52 97 50 75 98 98 32 49 63 38 2 45 2 14 19 97 94 99 86 45 50 53 81 15 2 57 
42 90 69 61 94 56 55 36 17 46 93 86 74 71 94 16 62 21 84 11 95 63 43 37 31 90 18 17 71 30 36 36 69 31 97 72 83 5 77 36 5 89 51 80 96 14 62 10 29 62 
48 65 50 84 64 29 16 90 90 47 57 30 80 23 86 35 75 15 51 81 78 46 57 28 23 28 16 21 28 27 99 77 59 47 97 48 76 70 77 98 35 96 8 43 10 25 61 88 37 50 
77 43 8 8 65 43 95 55 49 74 11 40 78 63 85 73 42 51 60 85 62 21 28 62 52 1 17 78 78 95 56 50 39 21 72 65 5 66 31 32 75 55 52 84 27 33 68 36 98 21 
16 25 7 49 86 56 89 72 25 78 37 15 46 98 76 77 69 46 69 80 68 39 5 85 82 51 18 94 63 43 5 25 35 6 28 28 32 95 80 27 12 86 87 30 95 54 32 47 53 49 
97 58 50 72 21 20 26 97 12 65 60 43 72 32 70 4 21 56 31 49 51 7 11 21 26 70 98 90 47 37 0 61 77 25 60 0 66 51 64 43 43 21 56 98 37 83 92 56 66 51 
87 93 64 24 49 31 31 21 24 59 25 86 15 3 81 58 59 42 48 76 99 64 0 59 58 82 6 51 34 93 27 81 79 15 45 58 40 93 35 53 17 56 38 5 58 85 29 88 10 23 
11 25 60 4 88 95 14 47 17 51 15 76 48 8 27 84 52 93 60 46 80 59 60 22 58 7 76 17 26 66 22 50 95 3 66 64 58 61 10 87 72 30 84 91 58 74 25 42 75 16 
38 54 60 50 77 8 85 44 13 67 18 95 7 7 41 46 58 39 77 12 76 44 42 7 9 92 63 9 70 48 4 17 30 14 18 92 34 10 23 36 67 97 10 0 20 22 87 30 71 89 
63 58 44 37 27 3 49 87 57 63 9 67 94 90 15 13 10 99 36 4 73 70 92 1 51 89 21 68 70 34 62 67 83 57 59 31 58 10 88 14 46 5 51 81 33 96 94 67 11 12 
29 43 65 76 68 31 72 94 48 32 95 3 79 87 17 90 5 33 5 24 4 11 20 26 91 13 5 70 26 57 79 19 1 90 0 48 32 69 52 63 42 42 96 25 93 92 28 92 37 63 
63 72 26 38 18 4 55 64 30 14 32 21 49 32 12 89 75 19 11 25 57 31 22 7 43 52 69 19 30 17 87 21 64 60 45 85 59 65 15 49 60 98 84 30 9 14 97 93 53 57 
91 70 98 23 9 46 2 76 90 34 18 4 61 48 36 54 6 70 81 58 17 60 75 35 13 77 63 46 64 1 61 69 45 69 66 47 38 55 7 89 69 64 36 12 36 67 8 63 48 8 
3 55 42 97 27 1 43 88 95 69 30 57 97 97 75 49 43 99 11 79 21 22 73 30 77 54 67 43 6 31 97 72 25 76 85 13 96 12 87 82 73 0 51 50 84 51 69 34 84 27 
76 69 7 8 27 82 15 98 80 87 91 70 73 33 31 96 11 63 95 52 49 7 14 54 58 11 49 48 74 5 65 66 18 25 31 51 78 66 75 27 43 87 87 63 86 87 53 45 63 87 
70 76 88 4 48 22 56 52 18 4 95 8 42 69 33 24 20 23 3 22 97 83 97 43 87 31 33 94 39 1 87 34 98 9 57 44 24 55 56 29 14 75 60 18 88 49 88 52 2 68 
30 48 70 88 26 36 77 62 40 7 85 1 35 63 92 79 31 92 39 22 11 11 57 84 56 0 57 27 92 44 69 97 46 42 32 23 49 21 15 16 87 9 71 33 40 14 90 82 11 74 
3 43 49 9 71 92 91 52 86 90 92 77 13 60 64 28 1 52 67 66 88 89 14 77 58 36 70 4 38 86 53 44 14 62 33 48 76 63 67 97 27 69 13 73 26 75 51 56 47 27 
15 16 47 45 80 13 24 72 0 92 75 94 36 53 79 71 7 94 57 97 73 87 17 83 19 99 64 30 68 76 24 51 38 97 82 19 73 87 26 87 51 54 72 48 1 46 25 53 52 30 
0 98 92 3 38 9 13 35 16 19 31 28 95 18 55 12 40 16 38 27 9 14 10 39 35 22 7 58 26 42 92 45 22 6 61 88 24 71 7 38 36 1 47 46 44 70 59 38 73 12 
7 51 95 9 46 78 3 97 75 93 41 24 54 9 72 96 47 10 21 17 87 7 45 75 80 64 34 4 50 5 96 19 71 13 90 76 62 43 44 88 48 12 74 8 43 5 0 81 32 2 
95 47 46 58 96 42 87 41 83 4 67 80 91 48 15 93 49 6 39 86 94 17 95 6 13 85 2 57 52 77 28 55 93 44 83 48 71 6 80 98 50 73 59 12 5 85 42 29 43 17 
65 40 53 70 3 23 30 73 16 2 74 4 4 25 74 17 39 12 24 75 94 50 15 37 13 60 51 84 17 23 26 3 67 12 21 9 57 79 77 66 13 91 80 18 52 28 52 90 97 98 
2 24 58 73 38 2 94 64 39 2 59 6 33 53 14 55 30 91 29 15 90 21 56 48 12 74 19 73 86 11 11 99 52 35 55 7 64 1 69 4 46 67 49 35 48 2 13 0 13 87 
82 66 17 10 86 13 16 37 82 68 84 8 77 18 92 58 62 85 47 14 83 9 84 38 19 29 71 12 49 91 64 28 69 29 62 93 50 3 67 39 68 11 38 36 32 3 65 46 43 34 
32 45 87 50 26 21 96 4 50 93 45 80 12 53 1 30 69 14 69 78 5 12 34 64 20 64 20 15 83 87 21 10 7 49 6 79 46 46 97 68 85 11 98 0 22 4 47 23 7 72 
6 44 70 28 24 50 54 85 92 24 58 76 8 34 45 35 40 57 85 90 61 58 88 16 80 30 16 91 98 56 18 52 30 87 2 62 73 53 44 8 73 49 98 7 45 81 32 31 92 23 
48 61 21 73 56 44 70 90 24 26 71 39 68 94 16 34 73 24 41 22 11 0 30 47 47 14 92 27 74 85 11 29 38 71 96 6 31 89 20 49 68 31 74 42 99 90 49 26 19 28 
45 28 89 44 0 60 45 98 68 41 53 1 16 72 26 67 67 79 10 25 60 82 74 57 2 1 73 16 21 81 76 91 61 8 63 43 67 39 32 31 14 18 75 63 4 59 14 3 69 42 
34 86 51 81 29 59 11 38 65 3 27 97 80 32 84 24 70 54 82 76 81 21 34 50 19 82 42 74 69 1 63 39 61 86 40 78 57 66 46 47 98 36 44 82 32 77 39 70 88 21 
73 16 94 79 47 26 21 83 7 18 59 50 1 8 33 30 72 22 9 74 43 11 14 19 47 86 62 16 38 66 87 40 14 6 44 23 37 57 92 82 15 61 15 14 54 51 4 5 6 37 
75 83 29 7 36 76 25 11 72 47 84 58 78 27 42 78 0 99 9 87 34 11 57 30 3 20 59 31 16 89 36 89 38 60 21 42 68 51 73 65 56 68 69 92 24 85 44 41 60 64 
59 88 22 58 30 50 86 74 67 37 20 12 34 92 50 46 95 84 98 8 24 66 48 47 82 35 71 3 9 78 62 9 6 57 20 62 73 35 29 42 95 88 19 55 10 73 60 50 46 97 
