39 8 34 55 10 33 45 99 32 97 28 13 57 46 87 38 94 62 91 1 24 21 8 93 22 35 58 29 63 22 55 54 66 60 86 62 28 69 39 94 84 64 31 85 99 72 77 48 46 9 77 93 71 14 79 80 61 93 55 74 76 49 52 88 2 64 91 96 20 49 74 30 23 7 48 74 35 83 82 52 80 82 99 56 78 99 24 39 3 11 95 13 39 26 92 68 5 65 68 53 
27 41 62 58 86 79 16 96 75 35 63 2 33 34 33 49 15 7 70 14 77 62 56 9 78 84 96 90 89 50 18 25 93 40 79 46 60 39 17 99 67 42 71 66 58 53 35 34 64 63 5 96 98 58 56 25 99 84 14 63 19 13 15 73 29 98 30 78 55 52 77 96 65 73 87 60 34 2 70 2 39 78 45 95 68 18 30 91 0 74 56 73 82 86 85 87 89 24 42 86 
65 93 68 33 23 91 53 17 88 22 86 13 57 93 71 67 41 71 19 70 21 25 98 97 16 46 28 92 55 86 76 50 40 43 5 87 31 45 71 83 3 20 1 87 5 68 54 50 58 16 78 54 8 37 39 24 47 9 86 45 52 39 87 34 78 22 80 3 51 14 9 56 80 53 53 84 9 22 31 33 83 30 39 39 3 96 7 56 20 62 85 0 72 32 87 51 67 93 33 55 
80 60 57 14 75 13 85 56 95 31 60 84 60 28 14 81 92 47 94 15 67 70 93 79 11 36 88 63 85 92 80 21 17 75 73 19 64 99 22 23 96 64 3 59 92 67 60 72 25 25 85 35 40 4 20 69 0 80 63 11 54 97 18 4 36 8 37 45 39 19 98 73 76 9 44 59 65 42 44 68 23 23 26 70 74 9 60 85 41 84 43 92 92 57 19 79 7 63 27 22 
83 22 63 90 39 17 97 98 85 94 43 94 45 92 28 50 63 68 49 17 40 23 88 76 97 31 65 52 7 67 17 21 30 64 5 59 60 25 36 46 81 67 47 0 21 6 24 93 49 10 97 12 70 33 91 25 22 49 22 58 84 73 6 1 66 40 94 94 13 97 33 81 64 44 26 75 81 93 80 98 65 67 34 86 43 40 67 41 74 19 61 69 86 92 23 68 0 23 81 44 
12 52 50 37 68 54 92 40 58 46 23 9 59 78 27 87 6 89 60 82 79 54 71 85 0 25 91 9 91 52 87 26 6 66 17 25 79 28 3 9 24 41 6 26 2 60 25 95 12 23 47 19 83 6 79 74 48 28 94 96 53 84 85 51 47 44 18 40 71 43 29 4 87 17 12 57 52 0 54 90 14 4 95 35 19 38 29 36 56 52 80 81 52 75 24 30 90 42 71 28 
66 78 18 4 23 99 49 98 83 27 21 84 34 84 0 36 71 18 5 71 17 65 22 32 9 24 32 9 97 43 86 48 13 90 60 56 79 38 57 57 60 76 39 85 33 76 86 5 79 88 8 8 99 68 91 2 96 72 11 31 58 88 34 76 7 75 93 78 72 11 37 62 99 28 70 74 74 16 74 74 34 97 45 45 1 13 16 21 5 66 79 71 74 40 52 68 70 68 32 81 
22 50 16 18 0 30 85 21 59 63 11 27 50 4 4 43 65 11 23 38 48 95 31 71 45 20 30 0 4 14 6 77 17 10 51 83 54 75 68 35 22 97 74 28 21 39 18 99 61 63 66 54 92 18 40 70 11 40 95 92 2 64 50 42 53 3 24 94 2 63 84 57 36 96 98 89 0 38 98 71 34 28 93 11 54 40 89 76 11 35 96 17 76 11 48 88 21 71 17 8 
8 33 68 57 9 21 15 43 27 82 32 53 68 23 47 74 74 36 42 25 22 97 15 93 54 18 60 55 58 39 2 59 84 30 8 9 89 63 53 96 21 91 53 67 10 20 99 20 44 91 3 21 93 47 23 25 87 94 95 19 96 26 81 1 34 9 65 80 23 32 1 45 64 56 72 75 82 86 16 44 40 29 93 69 5 89 56 98 49 50 0 52 43 10 52 1 78 99 82 5 
64 64 74 67 18 46 81 96 74 6 91 85 93 49 75 35 81 22 47 42 26 11 72 26 39 55 6 42 55 68 75 54 33 56 48 52 32 68 45 85 11 59 46 37 88 88 58 52 76 35 19 78 63 69 17 82 96 86 96 26 30 59 44 26 20 88 0 74 10 39 11 32 25 81 69 7 29 61 92 57 49 75 60 35 23 27 21 18 61 18 37 32 47 20 62 21 21 71 93 55 
76 46 71 88 16 2 66 51 8 53 11 44 97 11 83 28 24 94 80 8 19 57 37 24 42 76 52 3 34 70 59 1 37 54 57 5 15 68 47 5 1 59 23 78 52 71 99 52 32 21 0 18 58 64 1 82 99 27 11 68 93 72 87 35 27 67 54 35 68 23 79 93 4 48 82 92 50 38 12 21 73 65 71 82 34 25 27 34 61 8 14 80 68 26 28 89 56 28 49 26 
45 64 27 47 32 28 86 13 31 57 87 94 53 57 21 98 42 20 78 24 85 0 49 67 33 35 30 18 97 22 83 63 59 47 45 23 58 14 15 32 34 91 86 83 37 70 60 0 12 81 7 12 19 22 84 89 96 60 33 56 69 8 35 56 94 19 55 85 70 30 19 15 40 65 64 44 36 16 6 51 10 66 96 6 63 35 28 39 7 21 74 86 50 55 29 22 33 17 5 85 
44 42 68 49 29 58 70 53 24 82 94 79 73 26 60 31 1 7 4 75 49 93 84 8 66 66 73 5 98 0 2 88 7 19 73 62 53 43 50 34 51 61 33 48 73 99 67 25 40 45 44 22 5 41 56 34 35 90 80 18 47 89 50 40 45 40 55 10 0 79 11 91 94 56 10 50 21 50 90 77 38 97 97 69 0 24 9 97 87 51 13 3 41 59 13 6 24 91 17 81 
94 55 85 80 13 40 93 13 95 98 88 28 73 20 82 38 26 55 91 7 78 40 8 70 76 7 20 31 1 64 3 31 94 79 5 37 56 96 90 29 77 55 85 28 10 46 35 51 79 73 14 61 50 29 50 26 87 60 90 41 48 28 37 12 33 18 94 83 90 49 26 54 20 59 2 47 68 78 37 27 22 7 83 67 29 96 66 78 12 63 7 50 28 23 56 12 43 29 37 84 
5 26 68 80 80 0 82 4 85 25 43 49 60 77 29 86 97 22 96 68 89 88 16 81 23 64 71 83 96 95 12 58 3 68 29 95 13 94 37 62 51 43 25 39 30 26 48 92 52 2 92 99 95 98 19 9 99 7 6 74 95 53 65 39 13 19 96 20 14 50 68 75 43 55 28 12 73 86 29 11 15 29 83 43 78 78 87 24 77 82 2 35 54 34 64 73 14 30 73 9 
16 0 74 6 61 61 11 84 0 18 55 14 25 82 76 0 86 3 13 1 65 91 2 48 15 23 7 26 8 94 72 79 20 63 47 35 53 70 78 3 94 38 74 88 76 3 24 42 71 10 23 92 55 46 66 27 63 0 88 76 13 46 18 19 96 87 39 58 23 94 77 81 70 49 91 7 46 80 22 1 24 23 32 1 62 32 67 86 50 32 26 54 67 59 14 76 84 10 3 87 
94 24 1 66 49 16 41 90 68 43 46 77 2 21 21 16 20 72 52 35 63 76 6 36 64 80 40 65 62 89 14 82 43 21 89 2 55 27 20 5 94 57 16 70 1 12 65 5 79 3 13 88 64 83 3 14 49 34 56 72 76 11 77 87 35 88 22 33 16 25 88 35 64 1 97 44 21 93 32 84 48 29 59 20 11 58 57 99 85 81 31 40 43 82 90 26 47 2 26 36 
28 46 30 82 33 88 32 95 93 16 86 22 51 29 37 38 5 0 69 81 94 60 49 16 51 70 52 76 54 15 43 85 22 15 61 62 51 77 74 88 59 92 88 65 67 28 75 20 46 62 97 68 46 12 0 14 20 96 16 23 75 18 57 53 72 84 22 37 12 66 89 13 25 58 21 78 29 85 46 37 37 23 35 46 98 56 26 77 46 76 68 40 85 8 26 49 12 24 52 56 
1 91 87 0 36 38 37 42 90 5 68 97 56 52 99 56 62 85 6 81 56 45 19 84 81 60 60 43 55 68 15 47 58 33 60 7 72 15 45 51 20 96 4 4 77 9 36 50 2 30 37 34 16 32 77 21 11 86 75 73 44 35 3 22 70 12 70 28 17 61 48 83 44 41 91 94 49 77 18 32 1 32 57 45 28 56 11 41 43 76 1 10 29 74 41 42 19 51 31 50 
58 9 46 0 73 0 19 4 88 97 49 19 65 70 16 20 97 94 84 43 64 56 80 53 96 53 76 81 31 87 98 64 84 79 68 76 73 2 47 68 82 68 26 45 16 33 46 64 98 77 20 42 16 94 64 40 98 31 52 1 91 27 8 92 91 50 1 2 94 55 19 55 19 11 8 60 31 49 50 49 45 30 7 8 93 67 15 70 27 61 78 4 3 88 72 21 39 59 97 54 
73 38 88 30 58 5 79 94 5 53 80 12 48 37 58 20 8 91 11 75 79 50 53 84 23 89 46 3 64 65 0 52 2 4 85 91 64 23 24 97 24 54 68 55 28 65 84 74 28 25 3 87 18 62 5 43 26 63 35 58 66 85 19 35 89 81 50 72 69 89 50 64 54 3 87 12 5 14 22 18 75 97 92 2 75 55 91 39 10 46 49 70 84 94 85 57 65 36 40 31 
9 90 29 6 21 25 56 85 3 2 3 80 88 81 52 16 91 43 97 71 21 49 82 55 27 57 99 22 47 45 86 34 56 66 93 85 99 15 7 72 82 38 55 4 26 22 38 25 38 94 38 27 32 57 38 29 43 30 48 80 40 25 64 7 49 19 71 44 49 82 48 72 5 61 66 82 70 7 83 21 60 37 51 7 94 29 64 72 44 92 52 0 62 32 31 44 37 2 82 75 
54 38 0 80 41 25 21 90 84 62 65 33 69 92 42 27 53 66 52 33 50 80 27 30 25 97 86 4 32 98 79 86 16 34 95 62 90 46 95 20 55 55 71 15 16 66 74 87 67 39 74 54 80 89 14 70 59 57 5 11 22 45 73 1 89 99 7 13 28 65 97 9 57 95 37 96 55 59 8 67 54 97 11 17 95 4 48 1 10 91 12 89 91 35 36 24 82 0 62 25 
63 46 25 15 12 30 40 29 40 97 94 99 12 96 26 28 87 32 97 17 83 84 76 94 66 57 36 12 55 14 55 58 6 76 77 8 1 83 3 4 96 25 51 27 97 63 87 1 88 42 86 68 30 31 8 46 73 87 70 67 56 20 67 72 74 32 45 74 88 51 94 75 54 50 88 47 83 34 15 6 98 90 70 44 63 97 65 33 42 24 61 74 52 11 52 91 19 17 43 83 
57 5 94 29 12 66 75 4 96 54 69 21 20 55 65 59 74 26 82 43 74 93 30 70 97 82 45 72 97 92 89 85 47 22 26 49 4 93 47 20 18 39 21 49 27 77 48 36 10 97 7 24 72 41 55 37 65 6 91 1 32 36 23 50 16 53 26 57 71 8 96 73 15 49 92 29 32 50 26 50 41 99 96 97 78 41 46 8 49 27 12 3 51 94 79 57 74 27 74 0 
85 11 15 53 8 78 8 67 44 27 31 27 53 63 54 8 98 56 7 0 60 96 79 63 56 30 59 6 18 76 63 94 26 29 51 66 0 37 80 98 50 19 60 70 19 58 60 75 13 7 32 8 36 74 36 99 77 31 86 9 0 39 28 55 6 75 52 67 89 36 57 90 65 59 68 35 34 95 42 76 7 70 19 47 91 60 8 33 19 10 49 98 87 33 54 95 44 56 23 27 
49 63 37 11 48 38 75 94 12 27 69 61 64 80 87 43 35 63 66 43 58 2 63 49 73 45 64 62 61 37 34 32 49 48 27 93 88 38 25 31 51 78 24 40 40 61 85 43 58 62 22 83 69 4 4 58 32 36 98 32 45 1 48 53 41 88 83 4 17 63 95 14 4 47 67 23 26 98 56 39 5 82 37 99 34 31 12 65 93 45 36 17 60 97 22 70 97 29 34 73 
99 47 52 63 79 43 3 89 52 63 40 7 43 51 45 5 35 60 20 98 40 81 75 94 66 25 10 87 40 87 91 98 34 7 60 10 68 9 14 46 48 20 37 3 90 72 65 16 25 22 55 97 9 27 86 1 62 76 59 84 52 18 7 40 29 22 80 36 83 70 63 1 82 55 8 3 16 90 54 8 28 74 41 87 87 44 85 16 21 35 78 93 27 53 80 28 89 57 31 7 
55 53 55 28 28 51 44 27 46 20 86 25 35 96 95 2 19 64 69 77 48 9 37 94 18 96 24 88 94 43 94 1 5 95 8 34 57 38 30 47 60 91 40 79 76 59 64 68 97 90 9 90 16 95 2 83 97 28 59 14 24 26 79 48 69 71 85 55 12 81 9 51 54 98 81 10 85 24 52 51 73 39 25 57 8 48 1 5 19 33 83 28 31 46 92 26 7 98 59 32 
10 59 25 8 43 18 79 26 95 10 32 73 11 62 46 84 3 81 53 18 30 6 78 92 98 36 65 93 63 36 80 63 67 48 78 68 69 62 53 67 46 94 31 0 3 56 79 38 20 30 42 35 60 80 32 57 19 48 24 95 0 80 14 17 3 82 33 33 18 19 96 74 78 7 9 50 52 56 76 54 48 22 12 13 58 62 11 15 52 29 27 87 71 39 69 30 73 78 81 17 
35 85 50 81 38 42 19 22 23 3 70 34 11 5 4 90 28 37 29 18 94 16 89 44 80 56 96 3 39 55 10 22 15 59 66 93 71 79 40 64 60 49 0 41 5 24 85 60 94 24 77 17 76 32 91 56 83 88 95 30 95 11 1 26 44 86 40 15 66 57 16 40 67 49 54 7 94 11 15 26 63 88 24 2 4 98 4 26 24 26 6 45 42 42 29 59 56 49 49 77 
72 73 51 62 28 36 64 96 9 53 18 7 1 1 16 88 48 54 64 42 67 39 86 10 48 1 66 68 41 73 76 17 16 78 46 26 50 81 39 4 91 31 15 41 54 38 80 60 85 63 67 8 95 71 98 87 84 28 44 45 73 21 85 66 25 17 24 8 26 97 34 27 12 17 18 15 91 52 49 96 91 49 38 8 9 69 86 71 28 22 24 34 17 34 21 55 94 57 78 36 
4 35 82 90 16 38 1 61 3 34 41 81 18 93 28 43 1 57 38 21 22 8 29 58 84 56 3 82 24 23 87 50 48 92 25 87 83 10 34 63 64 53 47 59 14 31 54 95 47 0 55 31 83 97 8 63 80 42 95 10 19 66 99 42 46 0 21 75 28 46 80 53 68 80 39 11 70 90 54 97 6 2 49 24 95 30 40 5 91 17 41 67 19 23 50 53 33 66 2 15 
72 10 0 47 65 64 98 15 75 55 34 98 32 7 74 24 14 35 29 86 58 84 30 13 64 26 45 1 39 42 14 25 71 93 12 73 21 93 19 13 57 69 94 24 55 69 64 87 27 95 79 63 9 84 61 76 69 94 43 95 6 81 47 31 17 44 34 11 56 62 6 15 48 65 56 25 68 47 66 1 31 54 19 72 60 32 79 80 48 8 36 52 67 83 69 51 6 98 42 58 
48 7 44 63 48 99 46 59 43 75 4 86 22 82 40 33 42 53 71 49 55 67 45 11 73 83 58 75 2 88 7 20 87 5 60 95 60 18 44 4 7 62 79 62 68 32 26 15 45 10 73 75 43 0 45 51 62 94 40 86 76 98 29 27 23 40 94 21 58 95 28 86 78 87 70 14 5 22 58 32 7 40 29 46 3 54 16 78 24 68 50 67 29 71 68 85 54 71 31 44 
84 57 36 79 54 6 38 92 73 56 79 22 21 23 96 83 1 6 90 71 72 28 69 72 73 76 49 52 33 95 66 68 19 56 72 74 24 85 17 13 15 98 25 27 2 42 77 4 63 52 68 30 2 10 56 48 52 4 87 66 67 52 39 97 78 6 26 43 96 57 21 58 76 67 93 17 16 58 84 99 94 47 10 66 30 87 79 43 77 36 94 85 18 21 70 31 83 37 60 42 
94 37 78 41 40 7 78 35 49 38 42 50 62 72 66 45 96 7 55 37 70 79 78 44 28 90 56 38 20 73 21 39 33 39 90 44 59 87 32 76 39 55 86 75 43 62 22 10 19 25 42 10 81 30 76 98 98 20 72 18 83 99 26 90 47 23 7 9 89 99 40 86 80 92 64 88 80 10 85 58 13 70 14 6 3 40 16 81 80 79 39 71 66 87 45 27 86 90 89 82 
53 58 45 24 49 70 69 39 19 3 63 27 4 45 51 38 28 58 20 44 14 10 51 93 1 64 84 70 27 12 74 74 48 37 83 66 45 85 4 43 78 14 57 78 76 95 48 12 20 84 46 55 55 62 22 17 90 19 39 51 26 4 44 93 38 67 58 68 22 8 17 44 42 42 58 87 99 36 77 37 78 9 5 62 85 27 4 1 71 95 37 87 30 19 62 47 59 69 63 6 
14 48 68 22 3 44 91 75 28 59 54 90 39 17 6 29 66 32 96 42 86 29 62 72 5 52 1 75 47 55 89 0 82 56 30 52 84 68 6 80 38 64 44 41 75 50 87 4 51 85 42 69 77 44 30 55 69 8 44 19 77 60 53 91 70 93 18 80 83 49 49 91 58 25 50 96 30 37 14 16 44 31 30 36 92 25 86 65 59 95 87 15 95 12 1 29 42 22 93 82 
98 84 96 13 36 19 24 93 48 1 79 75 0 90 28 73 17 11 33 12 35 96 70 33 11 92 7 51 81 84 94 28 98 56 45 29 8 69 31 2 76 20 5 42 1 53 13 67 71 68 71 90 8 3 78 10 10 44 75 10 93 26 5 95 87 10 30 74 25 68 10 26 4 30 40 62 5 57 77 9 77 13 93 10 76 81 42 14 80 63 0 4 32 69 22 19 77 46 7 66 
33 55 81 96 82 92 96 89 33 73 18 21 28 96 89 60 89 70 71 13 76 74 74 18 43 41 18 9 75 87 62 36 22 68 72 82 71 90 46 33 53 54 50 22 88 17 78 47 52 49 15 40 91 89 85 85 21 45 12 63 31 81 45 0 41 59 96 83 99 99 56 84 57 51 64 0 89 71 1 97 21 3 8 25 90 43 45 48 52 90 64 86 63 33 31 21 58 86 36 63 
61 16 57 12 84 65 61 39 34 39 68 13 8 96 58 34 3 32 67 6 2 59 87 15 92 39 57 13 24 78 93 18 27 32 2 40 0 32 56 91 29 33 46 15 8 59 51 61 98 73 55 5 97 77 96 80 73 54 22 3 81 9 42 12 99 28 81 68 19 27 73 72 16 48 32 7 38 4 53 72 85 42 39 4 43 7 23 15 36 19 86 3 55 91 71 73 86 71 5 83 
10 39 16 30 40 40 17 73 3 12 43 26 2 70 81 15 37 90 45 19 43 69 5 6 91 76 12 94 64 26 15 55 28 91 66 14 48 90 85 81 89 7 74 14 63 50 36 94 26 38 49 56 28 97 28 18 57 91 10 69 12 77 14 63 83 16 14 70 94 2 84 48 40 20 13 98 14 25 89 85 48 70 63 53 93 19 34 64 36 4 20 87 48 99 66 43 1 89 0 43 
32 3 59 4 86 88 4 69 8 36 83 8 21 14 35 40 78 6 95 52 38 24 42 77 90 25 31 7 0 23 73 14 20 78 9 98 41 22 72 83 64 10 26 39 54 72 50 80 61 22 80 71 17 31 89 57 95 46 62 20 78 74 92 89 52 35 70 27 42 11 47 96 76 0 50 30 43 17 43 29 85 88 16 23 54 84 16 85 55 43 74 60 91 37 97 14 25 9 99 69 
9 78 12 96 2 50 88 53 68 0 91 15 1 84 95 98 81 44 59 47 66 55 12 56 13 80 37 27 38 20 19 86 86 60 88 71 7 91 95 61 28 43 49 63 58 9 70 94 82 50 63 65 59 43 78 84 2 48 7 6 65 85 10 21 65 29 13 5 59 16 91 52 13 42 85 59 16 92 52 33 60 79 87 90 72 27 42 5 76 93 79 54 44 8 53 65 93 0 30 19 
26 72 89 48 93 38 43 28 62 81 17 14 77 50 99 73 39 50 96 93 33 2 74 43 84 16 19 28 76 30 67 95 15 32 32 11 65 7 48 58 94 51 2 85 39 56 80 64 5 80 30 38 58 12 51 44 1 98 8 33 96 14 25 82 36 91 88 91 72 68 35 2 74 66 38 77 79 97 89 46 78 42 94 47 26 59 86 95 7 29 48 20 62 57 87 65 35 38 90 86 
84 14 16 78 39 47 49 40 81 80 62 67 9 52 68 7 63 90 31 63 25 10 96 9 1 34 9 54 61 81 65 74 51 12 84 72 25 10 91 1 80 17 47 7 80 82 58 92 47 25 15 48 9 96 39 72 27 66 32 99 34 23 65 86 15 3 74 34 40 54 13 72 34 2 37 78 45 94 66 53 79 93 81 18 17 40 54 61 6 77 3 42 41 89 7 98 98 34 98 14 
60 8 26 81 53 24 71 92 61 11 55 58 11 30 82 6 46 46 84 44 23 66 14 65 76 94 2 70 81 62 85 27 32 23 67 5 66 58 98 26 56 43 18 58 47 75 17 74 60 9 29 73 54 73 74 75 65 79 54 9 27 15 70 84 41 8 3 66 89 46 44 90 25 90 38 55 79 13 26 19 94 18 89 80 23 48 62 48 9 7 99 77 58 64 69 35 71 95 94 41 
58 4 83 93 70 81 99 96 18 36 97 6 54 48 21 81 42 8 74 92 40 67 30 78 76 85 75 23 14 7 32 86 28 93 99 8 25 32 41 14 97 70 99 25 46 4 80 41 10 84 50 47 98 2 70 34 6 64 26 60 62 88 34 74 76 9 50 73 63 14 69 87 68 26 39 41 83 41 46 38 12 46 7 53 54 17 72 18 60 90 5 54 42 47 11 91 95 27 14 30 
60 28 82 80 99 78 73 11 77 12 96 70 88 34 8 14 89 4 46 82 2 66 73 49 55 76 71 7 34 60 7 81 96 94 73 1 50 47 70 26 11 89 69 11 94 1 26 34 48 78 2 62 15 30 36 85 70 94 51 8 96 95 23 32 18 22 96 47 28 60 5 77 43 3 97 91 10 71 80 49 49 16 8 11 37 94 77 35 24 10 78 64 68 93 40 82 80 87 69 92 
34 18 70 54 59 74 41 53 99 75 66 27 44 81 94 95 58 15 24 5 28 60 80 22 89 89 41 98 0 11 36 30 16 60 97 44 20 84 24 84 46 18 60 36 91 30 18 64 55 53 54 32 57 31 42 49 56 60 59 18 7 15 35 31 78 71 35 3 22 98 62 30 88 15 47 9 48 74 36 48 24 11 50 20 94 7 10 27 81 90 33 37 92 70 0 89 44 38 39 83 
33 47 0 42 82 51 58 76 80 18 26 97 80 66 40 6 56 25 63 19 0 34 19 55 21 45 63 38 21 26 46 68 20 44 12 28 39 21 69 71 51 90 34 6 29 65 1 56 31 81 70 73 97 25 14 68 28 27 10 36 7 39 35 78 25 0 33 8 22 94 69 20 97 5 96 86 25 69 84 72 43 62 65 81 79 66 28 72 51 97 95 50 16 52 98 93 86 45 92 50 
14 77 89 89 58 7 10 99 9 73 21 53 51 13 39 23 75 6 15 63 28 58 65 68 85 86 71 65 52 36 15 74 84 20 37 69 73 62 6 56 45 18 21 62 21 65 17 23 29 60 75 34 72 39 61 22 69 64 3 6 3 84 53 80 24 80 38 55 23 59 71 81 80 84 3 65 51 47 45 26 41 93 19 11 26 92 18 96 10 55 53 64 90 61 86 53 74 87 91 73 
57 13 22 14 52 22 67 25 78 39 37 86 63 36 35 19 44 24 68 22 34 98 94 52 3 97 91 55 29 13 72 46 24 94 37 47 79 92 22 70 42 80 33 44 34 67 23 83 76 71 35 16 27 42 4 12 64 37 71 35 75 37 5 66 79 30 91 52 38 32 22 60 18 34 99 57 48 99 96 57 79 55 76 6 19 6 13 58 2 64 59 58 10 76 91 21 13 42 49 18 
21 47 2 23 88 91 66 27 47 22 9 67 45 58 70 72 66 88 93 28 49 72 45 66 59 26 77 99 21 6 9 79 12 56 71 15 30 60 55 8 64 0 98 63 70 16 30 10 10 21 26 68 37 53 19 57 94 18 84 20 32 53 62 56 42 45 87 96 65 44 87 70 50 36 44 67 85 94 90 97 9 51 42 49 69 88 65 5 10 28 83 72 46 44 92 17 1 14 81 22 
49 0 75 31 79 75 34 98 59 11 20 23 13 62 12 10 54 17 25 72 57 38 18 72 35 58 80 47 59 0 33 82 74 83 95 90 5 37 40 39 33 76 48 66 20 77 89 25 0 31 5 97 1 1 49 70 70 68 69 76 45 47 68 30 31 95 13 30 74 81 74 76 45 57 60 80 83 97 68 97 55 19 40 4 63 84 13 51 29 37 95 22 39 74 53 19 22 4 31 17 
15 71 29 56 39 13 42 75 9 26 89 62 67 56 91 32 83 20 89 28 58 18 23 48 40 42 68 70 13 31 72 62 15 16 76 27 65 25 74 70 92 43 73 88 24 11 81 71 89 56 37 15 38 23 44 65 34 50 70 33 41 88 93 97 41 32 96 37 73 0 26 36 42 4 46 43 45 8 62 24 60 42 94 94 89 19 82 39 27 39 62 58 81 46 41 66 84 38 48 30 
17 99 4 95 60 34 54 95 91 94 46 43 30 70 43 76 66 30 18 77 44 24 92 95 43 98 92 29 54 99 36 54 87 46 35 14 66 5 49 40 58 9 10 65 17 73 44 4 63 74 94 75 65 26 53 26 73 95 86 30 81 82 44 18 75 15 12 77 96 24 94 78 10 50 21 4 30 59 2 56 38 56 53 73 21 9 80 98 57 78 56 62 45 0 65 64 15 45 54 52 
10 8 1 6 14 37 76 97 93 7 99 75 92 75 24 63 98 76 89 23 13 15 97 63 52 69 6 33 69 94 41 87 51 13 22 50 44 13 69 56 17 38 98 1 93 17 73 85 98 3 41 81 29 93 65 90 89 80 15 2 11 43 49 46 20 69 90 76 6 15 18 14 4 15 36 74 76 62 19 95 50 76 6 48 67 61 45 84 99 33 57 9 43 35 83 9 33 83 84 38 
45 34 7 17 4 39 67 34 19 43 50 97 62 52 35 0 53 54 80 31 75 34 3 92 42 99 6 40 62 33 56 2 9 19 78 27 22 22 50 53 64 56 43 11 98 66 53 81 25 68 15 1 69 96 37 89 87 58 15 84 63 72 75 54 14 46 69 22 18 47 62 99 24 16 73 42 77 56 2 63 45 57 48 80 13 74 56 38 60 57 28 99 15 59 52 20 79 10 12 96 
67 2 85 44 51 99 77 72 69 2 65 54 90 95 77 70 94 61 3 74 47 0 63 30 79 63 43 91 97 32 69 23 3 24 85 88 97 35 49 3 96 25 70 26 31 82 61 86 90 28 26 29 69 78 32 34 7 23 16 18 61 59 62 97 8 81 2 32 86 46 83 17 71 21 58 52 50 43 53 95 59 81 94 38 50 11 5 85 3 24 16 59 64 59 74 57 55 88 23 42 
77 80 99 80 54 25 80 66 25 57 0 79 82 40 77 35 86 73 52 73 23 85 3 65 9 26 86 91 32 98 12 51 67 38 43 38 96 46 1 38 9 34 78 1 27 26 34 83 41 61 1 37 74 39 43 56 31 78 69 39 51 38 77 56 88 15 61 89 67 35 91 2 22 31 60 73 13 7 58 78 14 2 74 96 22 22 18 80 69 87 91 21 75 77 75 19 8 65 56 44 
89 49 40 60 56 38 40 59 14 50 63 52 10 37 25 88 81 77 19 57 64 54 17 73 53 91 0 70 35 25 93 63 3 19 11 10 3 31 85 67 56 72 0 98 37 41 65 64 52 25 14 99 96 35 1 47 90 27 35 4 8 97 67 57 41 18 81 18 26 46 44 25 52 57 37 10 3 40 71 60 26 89 88 91 81 73 33 43 40 78 97 45 40 5 66 52 14 26 1 15 
26 37 71 42 2 31 51 81 24 86 78 24 45 38 32 43 35 9 93 45 79 71 20 20 47 61 7 87 60 94 71 29 7 91 41 40 57 65 65 3 15 57 18 56 67 43 83 68 13 34 88 18 37 47 83 55 45 3 68 55 33 50 68 87 41 46 62 60 59 97 12 33 62 14 47 4 46 53 23 79 40 69 22 76 96 17 43 5 90 94 91 26 42 64 79 87 72 31 3 91 
62 12 34 61 55 19 22 64 44 55 14 18 44 21 27 16 26 66 31 26 5 20 8 89 79 41 36 52 43 69 23 71 15 97 93 9 51 52 90 48 17 14 28 95 89 23 96 51 13 21 95 74 52 21 82 80 60 0 19 11 71 68 82 86 82 16 21 63 81 85 96 21 7 30 47 16 75 66 84 8 65 83 91 69 93 35 5 19 52 95 17 18 8 2 97 70 47 75 96 13 
11 45 42 89 8 14 33 59 5 64 7 62 80 60 88 96 97 15 61 75 9 90 29 98 78 93 83 45 81 16 12 74 7 52 30 14 66 83 93 27 89 54 10 75 68 99 33 41 31 12 99 98 37 58 67 7 37 25 80 41 78 27 36 34 10 83 56 2 15 28 44 92 65 66 95 86 67 57 51 53 5 31 26 86 97 75 56 97 81 39 25 76 44 65 17 72 92 74 38 79 
8 50 49 58 18 52 1 86 95 61 44 84 93 35 46 21 1 28 31 25 5 35 17 13 80 98 78 42 33 48 30 83 16 85 48 28 59 55 53 17 61 84 26 15 9 10 24 69 16 42 37 41 14 32 80 68 2 65 91 23 81 54 43 4 37 48 94 4 46 76 77 30 24 69 25 92 35 0 19 9 28 52 32 31 76 42 2 1 45 82 68 27 83 99 18 13 45 91 49 21 
97 39 88 97 66 33 75 97 23 74 51 68 43 31 86 77 67 39 0 60 3 71 6 70 64 44 90 61 41 43 24 80 73 27 35 38 17 72 62 73 63 24 4 24 86 26 47 65 62 12 49 69 82 25 8 61 12 12 55 18 45 8 36 43 2 44 57 21 66 81 10 67 45 97 23 72 37 62 5 6 43 16 90 40 79 51 23 78 55 12 38 35 61 57 19 43 16 87 58 31 
85 68 25 53 99 70 11 52 27 67 66 16 92 57 85 65 78 23 78 98 89 48 26 12 49 11 48 76 83 44 34 66 34 15 89 10 23 70 69 24 74 76 77 6 30 67 0 17 15 93 45 93 45 79 31 65 84 89 43 39 74 58 46 75 57 75 65 42 50 86 60 92 84 1 67 58 13 71 91 86 9 86 8 8 97 86 97 90 67 60 37 58 98 98 13 90 21 11 26 25 
19 30 4 48 14 28 71 47 32 81 73 77 73 34 96 13 15 44 61 3 82 92 41 95 31 56 15 24 43 25 87 31 72 5 89 61 8 78 41 49 53 68 26 79 0 76 16 82 8 18 54 33 33 64 43 76 89 15 65 71 63 93 12 32 51 35 92 85 66 22 69 40 38 61 58 94 3 93 84 17 87 63 4 22 44 65 44 91 88 15 98 45 5 32 41 96 5 73 88 57 
35 62 96 28 24 11 70 76 21 72 65 56 70 56 0 31 58 18 87 30 47 53 82 37 81 34 27 95 82 59 14 93 21 14 5 54 15 95 93 92 41 74 97 2 75 68 89 73 40 92 96 19 60 85 10 90 54 30 65 97 38 56 64 30 14 31 93 88 55 12 51 57 34 34 3 87 55 92 52 2 74 62 40 77 49 54 5 30 9 60 63 35 60 89 32 14 23 77 30 35 
87 87 64 73 97 97 44 78 70 48 91 28 28 77 30 24 47 65 51 96 19 2 10 75 78 70 38 47 80 51 38 32 60 68 81 55 42 43 30 77 48 7 76 5 26 24 90 16 17 77 60 44 37 78 1 82 50 2 96 40 32 98 45 49 91 26 77 31 73 31 80 79 53 2 2 7 43 68 88 69 65 7 37 78 10 80 13 57 13 77 16 24 17 1 25 20 34 89 89 49 
6 26 27 16 16 24 94 21 45 13 73 35 61 62 53 54 1 77 32 59 67 16 1 77 57 85 64 11 13 15 84 69 16 31 14 84 46 18 35 15 78 70 36 62 82 43 69 40 57 12 92 51 83 95 20 62 93 45 62 24 90 41 54 3 64 59 93 44 47 56 5 8 11 56 14 2 40 38 76 56 83 66 68 95 39 9 96 19 89 90 25 22 59 74 55 43 94 65 32 22 
63 65 13 70 67 98 53 67 15 58 94 34 3 31 17 50 45 19 21 8 92 32 75 68 21 4 4 65 6 74 76 79 74 97 62 16 20 29 15 6 27 76 3 58 57 70 38 75 50 36 11 5 40 22 43 60 80 43 44 94 88 53 12 39 95 61 48 46 0 88 36 61 63 19 12 61 76 88 75 28 6 65 11 98 83 88 6 93 76 36 84 0 75 47 40 95 15 57 31 72 
21 56 98 45 80 4 92 21 42 96 17 68 65 2 60 59 66 68 19 27 85 11 22 8 97 68 73 33 23 8 32 95 17 56 63 71 43 74 7 71 89 79 66 47 86 66 27 12 49 31 14 22 50 87 56 23 28 7 2 79 8 63 66 89 76 17 35 77 77 62 50 56 6 1 1 89 62 97 75 25 80 32 35 70 57 45 42 95 69 61 91 83 69 25 9 19 72 7 64 41 
53 92 44 2 69 57 11 14 94 0 92 19 58 25 7 95 56 52 98 62 3 33 25 3 5 91 34 61 31 69 80 70 74 43 69 55 38 91 66 43 43 63 34 60 5 38 61 21 68 1 6 75 36 68 91 54 15 49 72 76 3 88 87 67 79 55 6 6 60 84 45 90 16 1 78 34 27 12 78 37 20 43 73 33 26 85 25 88 72 6 19 2 18 55 3 74 45 90 58 62 
4 92 40 76 20 87 35 71 85 59 12 29 6 51 4 54 83 77 76 56 84 30 64 33 65 3 26 94 20 97 25 81 58 78 88 82 62 85 41 89 91 94 1 86 24 57 94 69 5 44 34 40 63 15 58 39 15 4 95 95 84 91 72 70 62 79 68 58 91 45 61 18 12 14 57 93 75 48 3 90 40 25 38 87 88 6 45 78 98 69 95 81 24 69 85 17 8 39 8 49 
87 46 54 36 34 50 70 0 63 73 88 81 94 69 33 13 45 46 34 85 88 54 25 84 97 58 19 90 11 41 77 72 38 58 40 74 63 11 10 61 96 31 59 86 89 31 49 94 88 28 92 16 22 20 57 40 28 72 19 45 37 13 26 70 64 70 3 8 24 76 93 55 17 19 99 33 3 40 21 79 6 75 15 3 16 3 47 45 11 16 59 82 72 52 79 86 24 65 20 29 
97 70 9 65 40 20 9 66 30 31 33 42 27 65 96 65 10 42 92 32 78 21 74 85 57 34 9 66 47 52 30 51 45 21 28 5 47 43 91 9 54 17 46 92 47 98 53 4 96 90 67 63 67 71 64 55 16 38 67 17 65 58 66 61 22 32 1 54 59 87 72 3 45 14 99 74 97 36 69 99 17 2 28 35 44 16 86 6 28 53 45 15 78 40 91 36 98 79 85 24 
0 41 8 38 90 13 41 26 50 60 17 51 6 43 40 9 55 85 27 3 27 6 51 0 26 9 25 94 98 84 55 27 94 85 84 19 32 46 34 21 78 76 71 70 47 85 46 11 42 41 36 27 63 66 2 76 80 34 88 76 34 68 23 3 36 58 79 35 0 22 52 32 89 52 58 21 12 39 70 67 86 98 55 36 9 44 93 51 86 75 61 34 70 98 85 64 95 53 1 20 
42 85 47 98 63 40 42 48 25 58 77 3 70 96 22 80 57 25 33 25 58 15 15 72 21 48 82 50 71 57 51 96 58 90 45 18 48 19 44 12 61 69 78 41 16 0 5 49 50 97 5 70 45 95 86 75 61 98 97 33 36 11 92 29 71 98 92 98 27 93 47 55 85 72 97 40 46 66 30 53 54 27 73 54 35 14 7 41 76 1 91 86 98 50 16 37 55 13 3 5 
25 55 27 35 81 77 3 52 53 37 19 83 51 88 13 78 15 93 1 56 47 21 70 47 36 31 44 19 36 74 11 39 66 57 25 26 85 30 39 64 69 50 23 47 14 23 10 72 83 11 88 82 2 25 88 53 64 2 55 55 31 33 23 63 10 38 40 18 21 55 97 66 58 64 55 33 99 89 95 38 65 41 17 69 88 90 41 73 0 34 93 77 4 79 27 79 56 99 36 17 
96 49 13 73 23 32 86 12 18 77 44 6 26 75 31 44 79 31 67 41 65 24 62 65 42 80 19 82 70 95 70 9 76 48 68 5 70 26 20 74 98 92 78 38 37 96 66 54 29 9 56 59 83 23 27 11 55 71 80 69 90 39 93 97 75 63 85 10 41 45 17 86 25 74 28 96 4 17 23 61 79 19 72 57 45 44 83 63 65 33 93 34 57 2 85 1 94 46 69 5 
49 45 38 1 33 38 6 42 34 65 29 40 25 34 21 37 53 54 51 77 21 17 27 70 47 45 87 21 57 91 66 36 74 39 34 53 47 77 33 3 6 69 4 83 50 34 25 26 69 10 46 97 55 52 57 37 39 88 1 41 71 96 71 84 35 31 18 91 74 86 76 2 1 4 68 30 56 38 83 56 66 63 16 79 86 38 7 96 19 38 94 25 33 33 53 62 54 48 0 47 
12 70 43 33 71 79 30 41 29 74 72 19 48 18 97 32 20 50 77 1 37 96 55 89 56 87 62 80 21 43 50 70 75 40 94 87 35 53 65 52 78 76 11 79 26 39 26 42 15 36 12 9 82 85 74 97 74 41 25 15 97 55 0 54 33 17 62 16 55 79 74 20 31 53 68 28 78 81 30 15 16 22 67 9 50 54 98 93 75 28 14 44 14 21 76 81 40 60 58 12 
21 1 51 47 36 20 19 58 86 53 69 37 23 33 46 24 33 6 71 41 1 84 46 42 71 29 0 77 36 70 75 60 98 18 90 18 92 67 89 93 71 26 92 78 52 12 94 37 98 38 98 82 79 16 16 80 74 26 88 52 51 87 11 46 86 55 7 37 21 58 45 89 53 93 14 20 43 33 33 2 47 1 78 10 88 45 28 68 93 85 82 33 99 94 85 55 57 27 85 21 
29 98 64 70 24 1 43 1 19 48 38 70 50 8 39 67 29 58 2 41 73 33 56 91 82 12 82 39 15 71 64 0 77 31 36 57 11 95 15 32 57 18 50 25 84 59 38 75 22 24 67 39 62 22 45 88 86 36 76 79 71 86 80 92 77 8 32 68 79 3 63 81 21 10 31 14 25 45 58 76 6 15 30 30 40 98 10 95 52 7 14 25 70 57 33 60 28 58 61 56 
32 48 79 28 63 30 16 55 88 47 11 56 75 42 44 82 94 59 74 32 39 32 20 23 28 28 48 15 20 12 85 42 70 43 81 1 18 91 22 59 91 40 38 89 7 61 72 31 14 65 21 71 29 64 99 87 65 34 81 55 87 79 71 73 37 23 87 12 44 51 40 7 20 85 74 26 35 65 54 9 90 29 32 64 20 95 34 31 36 67 78 91 90 6 99 0 9 17 40 89 
83 6 42 41 0 70 15 35 11 90 46 48 19 59 81 79 33 24 85 61 67 77 53 15 77 50 97 37 97 8 12 8 0 56 44 74 91 74 86 36 75 11 77 80 33 82 70 36 8 91 88 59 84 1 77 35 75 39 34 99 54 5 4 61 75 80 7 14 20 97 5 93 51 45 26 1 99 87 31 31 69 77 96 32 88 74 83 43 74 76 26 98 0 39 75 56 44 94 2 6 
25 0 23 90 82 15 78 8 23 85 55 17 64 70 37 20 79 14 66 47 8 5 31 77 55 36 50 82 98 59 81 20 72 31 45 91 69 86 31 59 11 77 30 20 88 66 13 31 29 65 82 67 70 11 55 18 15 73 79 77 10 71 5 97 2 65 45 76 96 62 99 52 76 54 68 58 98 99 46 37 9 0 83 43 72 54 81 28 7 88 8 31 45 5 13 10 23 67 86 41 
99 22 2 9 30 1 50 89 62 80 95 42 1 75 14 27 78 98 38 83 65 45 45 46 80 6 57 30 15 56 96 31 38 18 6 24 92 57 43 27 40 59 36 86 15 9 18 24 3 82 28 92 55 27 56 8 54 29 2 24 25 13 96 72 20 80 57 20 48 20 83 30 76 61 86 69 4 43 95 16 21 54 5 25 17 11 7 83 86 35 19 98 7 74 69 41 46 37 78 52 
88 43 63 44 33 49 76 59 51 40 10 5 18 35 65 23 61 65 90 57 51 59 28 51 47 66 59 31 96 68 70 10 73 40 37 56 64 63 15 93 50 57 22 73 7 21 79 22 30 76 55 29 10 78 94 83 38 5 7 80 42 19 12 81 31 47 92 9 74 85 53 1 59 73 15 86 52 11 31 63 71 28 20 47 11 76 23 94 8 1 44 78 40 46 28 17 30 23 37 25 
16 32 24 17 7 25 74 90 32 85 21 44 37 58 92 7 86 40 6 47 52 51 2 32 65 14 86 38 37 85 14 75 5 67 36 3 94 41 6 83 21 25 54 35 48 98 76 21 23 38 4 9 7 14 70 61 15 59 67 60 94 9 90 47 36 56 75 57 88 4 83 76 37 21 17 2 96 99 71 21 93 40 95 73 78 0 67 35 4 92 30 67 7 58 30 77 56 75 43 5 
29 90 38 29 93 5 42 47 72 38 37 47 25 92 34 68 35 13 37 73 69 97 12 75 89 56 88 17 6 9 48 13 24 65 30 53 49 50 1 65 42 82 62 27 99 14 53 54 91 50 24 43 30 36 60 96 56 48 19 68 6 78 76 4 87 86 15 74 20 0 19 55 4 92 63 69 79 67 29 23 57 27 97 61 30 38 98 47 91 6 4 44 32 49 65 70 64 0 77 67 
76 10 92 79 95 16 19 65 53 50 85 4 51 55 87 59 98 14 34 38 52 57 85 46 79 91 90 70 39 45 61 53 3 72 62 0 23 93 34 88 24 72 54 83 91 66 19 53 15 42 81 15 25 86 97 55 33 83 8 62 70 81 6 6 10 23 87 78 27 19 45 92 86 17 14 54 2 86 48 39 47 78 2 52 43 1 40 33 24 78 54 1 12 29 49 79 25 3 98 73 
25 15 47 82 49 72 23 35 76 92 54 61 50 83 65 95 66 69 7 93 45 4 4 7 92 65 48 44 96 96 72 9 27 29 28 79 46 34 49 16 73 59 81 84 98 29 91 50 98 46 53 96 68 24 50 37 75 88 65 53 22 56 99 78 22 60 77 18 28 42 2 15 60 81 70 50 86 23 39 59 38 13 26 53 89 82 29 73 93 90 84 75 25 50 14 5 98 1 5 50 
1 73 44 86 39 78 16 17 57 18 49 93 31 10 71 87 87 59 52 68 86 21 51 92 43 80 26 76 79 36 88 9 87 46 74 80 80 27 83 95 16 37 5 91 17 96 27 8 99 79 12 74 89 83 76 6 73 91 29 80 92 40 95 10 32 54 73 13 60 28 28 74 79 13 72 59 44 60 62 7 77 1 43 8 16 40 63 95 59 2 54 38 39 41 25 85 66 29 68 1 
22 40 66 60 21 86 22 64 28 9 36 56 97 66 95 48 45 13 74 93 32 5 17 0 50 32 2 81 5 46 95 92 48 12 9 75 36 99 73 42 21 44 74 43 51 82 60 12 57 77 71 79 50 70 75 88 98 89 82 60 87 18 34 66 20 15 66 90 34 76 91 93 78 92 27 72 18 36 40 10 40 38 74 80 15 3 31 48 22 15 46 69 34 68 46 3 96 82 4 24 
48 10 15 53 92 98 8 95 68 84 21 56 81 17 65 42 52 16 65 66 36 7 73 69 92 25 70 47 62 96 87 15 98 37 33 19 59 38 92 48 51 27 26 61 6 64 22 92 77 34 70 89 50 12 0 66 87 92 87 42 46 38 39 10 56 64 10 21 43 39 79 15 40 5 64 68 77 87 84 70 17 52 48 96 82 7 26 21 72 46 23 64 46 44 13 45 14 76 89 56 
80 90 69 28 63 33 14 19 91 49 84 68 62 8 50 37 18 92 47 74 78 70 89 90 29 37 56 68 47 96 23 88 73 66 87 72 95 96 72 89 52 71 84 26 46 43 1 87 14 22 51 50 99 58 62 58 94 2 45 11 24 21 78 78 99 72 52 41 74 25 79 18 28 65 7 0 30 11 7 58 64 77 91 19 73 7 8 10 18 10 51 86 93 23 32 84 66 63 80 16 
