20 6 9 16 98 19 21 64 6 36 96 82 3 19 13 97 30 48 4 44 62 56 32 15 19 76 8 37 20 62 29 63 89 99 65 37 49 65 6 92 19 22 97 51 63 26 61 30 59 37 15 68 98 5 20 7 37 3 17 62 21 60 77 94 88 86 33 37 3 10 51 67 11 76 29 1 51 49 84 84 6 17 66 86 73 5 81 8 43 75 69 51 3 87 81 66 57 68 37 72 
57 19 50 78 20 87 11 20 52 59 35 97 23 88 70 52 83 89 24 92 28 35 59 50 65 88 93 93 24 85 82 94 76 84 87 94 64 87 79 1 22 81 93 19 13 96 50 53 31 9 44 52 9 36 59 94 16 71 19 98 36 84 43 88 99 20 9 97 85 79 77 62 85 66 34 84 34 96 10 4 22 40 5 65 19 65 22 90 0 95 69 88 30 89 48 36 97 32 92 53 
40 7 30 28 4 20 26 43 32 10 31 23 32 50 28 21 75 59 43 8 97 81 74 89 91 30 34 91 81 16 4 44 44 61 5 52 9 75 70 24 36 38 36 93 37 65 32 58 88 53 62 51 55 72 31 40 60 77 12 66 96 59 45 68 64 94 50 84 2 20 89 43 62 89 97 62 52 98 93 99 81 64 99 55 94 1 95 29 64 6 10 75 26 5 40 71 51 13 22 78 
52 67 72 96 49 11 94 10 95 92 56 15 33 76 83 20 69 59 86 92 18 2 33 0 55 55 45 15 78 19 24 16 34 19 34 27 87 59 56 49 52 41 84 92 77 84 57 46 5 63 48 17 85 92 28 83 7 1 74 11 6 99 68 48 94 37 19 64 50 94 18 91 48 33 77 65 33 25 74 66 66 85 58 4 54 41 55 38 5 26 73 51 44 71 83 57 42 4 31 51 
3 19 65 13 75 45 59 86 73 6 65 42 16 20 51 5 97 57 87 40 46 3 45 79 59 67 4 86 96 97 39 44 62 79 87 25 65 13 15 87 20 44 38 7 90 57 24 21 74 19 7 33 94 63 59 19 70 88 79 53 10 48 2 51 94 26 94 68 49 96 28 84 88 62 49 21 26 71 68 30 96 48 75 88 17 59 42 43 80 46 37 33 72 12 77 65 25 15 70 83 
64 78 39 9 7 25 31 13 66 31 39 33 29 7 32 83 87 70 50 7 14 92 80 38 76 69 14 88 93 47 5 76 50 65 19 42 94 5 59 77 19 64 49 75 59 65 92 21 43 33 35 51 84 19 59 44 16 93 95 42 95 61 77 21 15 54 32 11 89 45 89 39 33 19 11 86 91 66 89 75 31 8 78 60 86 90 35 27 62 41 92 97 47 69 2 52 39 68 6 97 
47 1 22 22 60 36 28 76 49 25 27 47 97 42 50 4 39 46 14 27 44 36 39 7 17 61 10 43 70 53 30 22 82 31 69 85 51 78 32 39 44 66 93 6 58 12 55 0 12 3 79 52 3 83 34 70 56 31 75 93 59 9 51 67 20 36 86 50 99 1 19 85 42 90 15 56 34 49 90 17 98 44 58 7 14 53 37 72 10 79 16 69 95 33 49 21 14 91 41 72 
29 51 10 37 93 69 1 97 80 74 46 37 3 1 60 62 23 68 98 12 37 50 98 9 38 41 97 58 32 77 47 39 70 61 89 3 34 46 40 62 25 34 11 58 59 76 36 54 8 8 67 70 50 60 28 8 80 40 26 68 66 85 27 2 57 94 2 38 89 78 27 81 66 34 66 94 16 10 14 88 90 15 19 78 53 32 94 66 84 31 68 90 23 77 50 15 25 32 55 48 
70 25 6 20 65 66 86 75 76 54 71 62 21 14 91 48 61 30 93 79 56 69 80 43 68 57 31 62 45 51 15 20 4 22 30 41 26 81 11 80 29 65 26 46 93 95 18 8 20 28 35 43 62 99 77 33 50 3 94 93 26 48 15 90 77 9 66 74 55 56 38 69 49 10 7 71 66 66 56 2 84 3 42 86 43 60 43 43 34 32 7 21 16 47 9 11 23 3 54 46 
95 22 61 86 32 59 27 68 35 31 29 58 70 42 14 37 11 81 82 9 47 39 55 30 27 59 52 81 67 96 87 48 21 36 71 23 28 24 37 35 69 44 22 16 42 39 26 86 77 46 67 79 28 53 29 32 79 88 57 17 17 83 96 10 18 13 49 20 4 26 1 35 4 92 10 0 88 62 2 26 27 62 61 53 40 85 66 40 59 32 66 19 68 37 25 55 2 22 41 69 
15 93 0 64 80 45 1 51 43 84 42 82 11 66 89 79 96 81 48 64 92 5 50 36 70 1 62 39 60 26 54 74 2 92 84 14 73 0 96 91 68 57 23 76 86 45 6 21 64 61 37 82 6 83 73 94 25 64 12 50 18 78 89 23 93 64 56 13 26 12 90 58 44 0 4 30 44 16 92 24 0 90 5 36 65 67 96 75 54 49 18 12 70 54 40 88 36 92 25 85 
24 25 7 70 64 46 17 98 49 14 59 82 12 36 66 36 69 12 6 5 65 57 37 45 45 53 1 54 98 1 81 90 19 77 0 65 83 98 11 2 64 72 12 40 23 74 18 20 21 35 19 62 53 32 72 33 79 0 56 55 32 19 91 48 67 58 80 25 40 1 9 25 27 73 82 91 50 25 0 94 63 72 80 4 68 53 35 97 40 78 51 8 47 85 67 51 24 84 91 20 
22 6 79 18 40 63 33 9 94 44 29 33 69 18 28 73 40 77 18 51 68 56 64 14 1 75 66 52 86 32 2 97 42 6 69 99 12 7 18 84 72 64 0 37 88 94 95 60 26 99 58 48 6 33 63 87 6 11 23 5 84 66 12 88 64 69 72 51 55 31 56 90 59 56 89 78 67 75 45 37 66 56 34 69 67 94 78 93 32 18 50 28 19 5 77 41 72 34 23 86 
48 19 59 49 14 37 81 24 28 62 67 92 20 59 74 92 67 19 39 75 29 95 40 7 95 97 53 84 2 50 39 88 45 6 68 64 48 91 38 75 57 47 80 29 67 93 15 67 26 39 98 97 71 83 28 92 20 79 57 97 45 4 11 33 64 93 82 22 30 45 70 99 15 77 97 0 76 18 72 4 63 15 37 2 16 33 62 97 37 11 32 72 42 25 11 1 30 64 1 25 
76 4 97 60 30 92 57 41 32 65 5 49 40 62 34 52 8 31 67 8 28 77 15 85 25 84 55 69 3 66 13 92 26 75 50 90 2 21 32 36 73 75 19 45 51 52 28 54 49 5 46 68 39 52 41 64 10 58 4 79 10 31 7 87 39 7 5 54 63 52 50 85 27 27 64 0 93 19 20 32 90 28 83 93 27 68 70 81 97 30 29 40 89 88 30 62 25 59 14 10 
52 28 72 37 72 78 35 54 2 81 36 94 66 76 3 59 48 50 58 61 77 25 82 93 74 53 91 45 50 60 14 23 78 86 17 22 74 87 37 83 82 18 35 96 70 0 77 10 25 42 90 6 92 11 24 76 70 97 25 84 31 82 44 86 17 50 33 53 19 59 88 59 40 31 66 43 14 25 89 58 24 83 13 73 68 23 94 31 53 89 0 44 40 4 96 89 17 2 65 27 
9 69 51 86 54 48 43 85 62 18 99 43 7 2 31 67 90 46 12 92 3 12 8 99 0 78 35 94 30 85 16 87 72 2 67 68 38 52 73 95 97 84 80 41 47 82 17 3 57 31 39 97 35 83 38 78 89 33 40 88 7 61 86 60 18 82 18 41 41 84 24 58 24 71 83 24 12 36 30 84 59 39 50 49 67 2 5 58 69 1 67 62 74 51 36 56 45 72 70 73 
18 7 29 4 32 66 36 64 46 59 98 28 2 41 97 47 21 96 21 29 93 90 85 6 89 34 21 66 39 81 31 32 91 46 79 87 99 97 80 34 60 80 73 66 48 78 45 61 22 17 27 33 61 82 36 71 49 47 25 29 34 52 20 51 86 44 58 69 53 34 66 68 67 11 36 46 43 34 1 54 29 7 54 24 33 68 83 45 85 49 61 3 23 42 1 28 0 42 51 32 
12 18 91 71 88 91 31 99 55 64 53 58 44 95 66 76 48 42 23 80 71 25 99 59 81 74 50 61 33 64 65 70 10 36 61 44 41 48 60 39 70 69 33 37 97 40 20 8 71 76 6 92 41 14 46 49 74 21 56 12 85 29 72 33 73 41 98 86 50 72 57 93 62 52 82 87 62 88 99 92 19 48 55 33 40 17 27 45 16 55 82 11 64 45 5 12 7 68 97 64 
77 36 81 38 25 94 23 68 9 75 19 11 89 7 42 83 12 22 68 31 44 27 72 85 77 46 90 83 40 87 3 76 84 11 88 68 69 46 89 77 51 30 52 35 76 15 48 91 41 40 56 76 82 25 82 61 70 53 18 6 90 10 67 53 72 87 27 56 63 1 54 4 99 5 71 79 51 72 64 71 75 12 35 26 6 83 13 97 89 49 2 89 92 94 89 22 77 12 77 62 
90 31 44 74 71 75 3 75 77 82 63 0 5 29 18 50 76 2 40 20 54 4 92 88 65 63 78 49 7 27 79 59 60 39 59 48 53 72 77 39 35 28 91 91 21 44 72 92 75 97 20 50 19 78 23 43 86 84 57 25 2 64 63 1 59 9 41 44 2 90 44 0 93 98 46 86 17 32 30 53 40 85 56 79 43 60 99 74 47 70 90 78 9 74 95 25 4 98 16 88 
74 74 88 4 39 53 64 63 57 94 18 75 91 61 56 27 17 58 49 86 64 32 89 0 10 70 31 88 91 70 52 30 1 63 85 80 13 97 95 28 43 86 58 88 4 23 48 82 6 39 96 97 4 95 11 48 91 19 89 57 72 60 27 28 14 19 40 37 10 73 1 23 10 87 33 35 39 80 65 96 78 59 61 8 20 91 55 44 73 50 51 47 50 81 99 33 14 94 52 1 
76 98 22 55 65 69 20 7 79 47 54 54 1 4 22 72 21 87 34 45 15 78 25 96 19 53 71 92 74 33 17 49 77 31 8 92 53 29 90 46 89 80 40 74 50 8 89 19 65 31 70 39 79 44 45 51 21 99 24 27 68 4 56 70 1 69 89 41 86 87 79 43 26 41 25 37 35 3 98 67 64 9 33 79 27 80 77 43 21 19 49 85 72 30 20 3 54 19 72 4 
12 83 48 38 27 67 59 28 34 74 47 10 88 78 3 51 64 73 48 54 35 22 50 46 4 28 89 3 63 94 10 84 86 19 20 83 55 37 66 25 96 0 98 30 19 41 2 41 90 35 11 79 66 24 8 26 46 69 36 44 39 14 65 13 61 54 79 18 57 1 84 42 9 83 34 22 67 3 68 63 49 40 49 98 72 76 49 37 52 50 28 9 15 74 48 28 34 2 73 95 
64 51 27 26 24 80 76 30 54 47 49 35 17 9 70 35 63 43 11 55 80 26 97 34 43 43 76 23 95 35 43 82 97 20 91 52 39 73 31 46 60 95 35 40 73 33 82 3 0 60 46 61 54 74 99 71 63 28 83 31 44 51 24 63 96 16 46 98 76 70 39 14 51 7 32 21 2 82 50 92 35 72 45 61 8 98 23 20 98 14 76 84 83 35 81 38 53 50 42 7 
72 3 33 90 46 56 87 28 56 56 37 43 35 95 80 64 73 53 80 61 30 56 43 75 18 66 4 24 79 47 6 51 91 22 7 82 80 86 61 4 59 12 63 80 90 56 3 47 84 92 15 62 85 87 85 66 23 45 15 15 8 98 47 74 73 42 87 46 14 12 25 61 3 98 49 8 74 19 75 12 82 54 62 67 52 11 77 18 40 31 30 60 58 76 80 12 25 65 89 18 
24 63 27 75 15 49 38 13 84 58 3 1 75 4 24 72 99 39 7 24 18 74 23 88 34 89 33 37 56 15 60 54 42 34 63 22 32 62 38 1 0 50 3 16 43 97 58 57 85 91 12 75 40 46 0 9 60 20 82 21 50 14 40 23 51 2 6 42 18 88 86 90 26 54 8 63 1 78 86 15 20 28 67 26 96 80 61 85 16 61 80 32 87 31 97 7 56 11 39 76 
49 36 9 14 14 60 57 41 34 51 91 88 2 50 28 35 72 96 32 23 65 77 54 38 23 1 96 43 46 84 91 94 97 41 35 24 39 72 2 54 31 75 17 2 80 32 32 25 97 73 35 14 24 8 12 8 14 77 96 80 31 13 68 69 41 92 49 20 94 67 7 65 81 34 5 95 90 55 90 80 99 12 89 68 65 65 43 40 51 74 49 48 75 72 56 38 63 5 66 13 
63 60 81 44 15 37 22 61 24 43 26 56 14 76 7 72 12 69 10 99 99 94 4 29 60 98 51 35 13 83 94 5 10 77 79 86 96 16 28 66 89 59 8 37 73 46 92 98 9 48 90 18 90 97 4 86 56 14 27 30 80 59 5 39 22 11 30 23 23 26 16 36 82 71 85 7 54 65 80 66 83 69 1 91 92 36 53 63 21 37 38 89 52 48 64 11 41 72 45 83 
37 48 68 6 20 92 48 82 95 98 35 80 20 8 9 48 45 19 15 55 93 38 48 46 24 99 98 97 57 4 44 63 74 86 35 60 37 42 66 46 9 33 14 24 90 14 93 16 56 45 55 40 68 87 63 63 62 75 64 94 19 27 95 53 82 35 54 34 21 44 21 11 12 85 4 66 46 79 74 55 6 39 24 41 32 28 41 74 96 37 9 72 59 68 7 50 5 11 31 76 
82 99 71 94 87 55 18 23 68 98 83 24 7 12 75 34 84 50 77 74 63 32 45 24 29 59 3 42 58 59 61 86 14 47 24 69 92 6 99 25 15 76 0 49 79 69 19 43 11 45 16 23 3 69 80 90 68 45 15 90 31 11 5 12 66 35 59 17 81 55 15 21 5 92 82 85 42 74 28 72 90 16 13 17 59 44 47 27 1 74 24 48 10 58 81 18 38 51 36 83 
51 45 66 8 4 31 59 56 87 78 70 10 13 72 0 16 45 76 41 69 9 33 53 38 88 13 8 48 86 92 95 73 98 9 13 64 69 20 82 82 76 89 42 59 96 92 21 44 39 46 54 6 86 55 34 82 28 83 59 67 82 94 20 97 57 3 75 51 8 60 4 51 71 76 35 40 6 69 33 25 98 53 39 72 20 43 16 66 64 29 8 81 53 64 4 62 30 42 68 11 
48 59 95 16 73 63 33 22 96 67 3 51 74 26 39 85 81 74 22 9 94 71 54 51 17 23 23 39 59 62 72 38 71 64 2 27 85 97 85 87 7 21 76 43 59 80 66 80 27 35 88 63 91 52 57 54 68 94 91 2 85 29 24 39 11 32 49 69 81 19 66 1 33 43 42 55 16 56 21 4 35 51 95 75 31 41 42 44 62 42 74 54 56 24 92 38 89 90 73 58 
35 57 44 46 18 86 3 8 74 86 2 23 69 90 33 63 58 93 92 63 41 74 43 99 56 62 70 75 45 79 21 11 65 98 52 88 64 78 39 55 70 57 36 84 81 23 41 42 52 92 51 98 28 35 19 37 0 73 84 69 7 38 53 6 81 18 17 69 89 50 72 78 5 50 76 83 39 34 0 92 64 12 28 20 70 81 65 36 82 49 49 94 86 24 6 57 71 54 91 23 
67 11 8 31 90 0 72 32 34 77 36 93 15 15 89 51 0 71 89 64 24 39 14 1 84 25 95 11 57 30 59 57 88 41 95 61 0 68 67 91 75 13 20 22 29 21 33 90 2 74 11 85 23 83 17 59 87 8 80 43 65 29 96 99 32 63 55 83 14 37 66 36 26 81 68 89 66 7 17 89 16 65 96 32 43 76 97 18 68 81 34 99 57 24 42 57 33 73 26 79 
17 52 35 28 3 23 9 3 22 45 27 48 33 29 87 31 19 38 15 11 50 90 72 54 63 78 97 91 6 40 59 60 29 76 4 5 74 55 46 8 64 58 78 83 67 21 36 15 25 15 33 54 83 56 90 80 52 48 90 37 58 76 79 6 6 66 61 24 62 6 64 45 94 62 79 58 12 6 12 45 31 41 70 12 97 42 92 21 27 10 76 55 78 64 57 93 40 2 25 58 
9 72 57 84 86 67 32 53 21 56 90 11 18 8 6 95 78 18 31 13 98 67 8 13 46 97 9 65 94 23 72 61 77 60 67 99 81 34 71 32 66 82 58 43 66 33 86 37 64 56 2 96 39 11 97 0 26 6 63 98 34 22 46 3 47 83 78 60 58 22 56 72 70 4 85 63 58 87 81 44 79 45 78 6 67 27 51 18 1 32 92 32 94 18 47 2 54 28 84 73 
35 5 74 99 11 15 82 97 48 3 23 46 69 41 78 47 98 23 38 84 8 23 47 39 46 20 72 60 20 92 63 69 94 55 41 90 51 83 37 0 26 37 41 17 64 7 66 19 52 62 91 67 72 98 89 27 68 64 81 96 51 74 30 20 24 33 37 38 75 83 19 59 53 64 22 51 50 52 82 91 84 69 33 49 35 53 24 33 35 4 92 5 77 51 86 89 17 23 99 81 
19 96 7 64 57 57 18 19 61 19 47 93 88 88 84 96 25 89 6 27 62 23 19 5 76 7 70 78 1 32 62 77 7 78 25 66 6 39 73 45 58 29 24 94 94 22 61 86 96 18 63 79 66 59 73 59 48 65 70 50 40 93 22 97 46 92 41 85 68 31 96 65 48 45 57 23 35 99 70 17 82 87 70 87 71 9 91 47 51 90 18 69 1 93 35 28 1 42 4 37 
14 5 18 3 65 32 99 43 11 4 86 36 5 89 46 89 65 92 72 61 19 21 23 99 21 49 54 76 89 73 37 6 89 92 40 59 55 1 49 49 29 13 38 35 7 56 90 15 75 85 8 49 18 35 72 33 8 28 91 56 8 69 45 9 37 16 49 53 23 2 51 3 99 57 88 90 84 91 75 31 67 55 55 35 22 87 34 65 6 95 88 4 82 57 75 24 6 58 33 85 
57 56 26 64 63 93 59 29 86 42 23 68 71 95 98 28 0 70 84 56 27 66 47 36 21 2 19 32 47 86 72 71 69 61 41 91 38 36 0 24 80 94 33 54 92 53 80 86 3 83 10 62 54 16 99 52 51 80 49 13 18 95 75 12 19 89 40 10 76 55 90 99 53 75 14 85 2 36 74 14 5 72 80 44 8 14 5 32 21 1 46 12 73 70 13 86 22 51 79 44 
29 13 1 94 14 20 21 88 44 40 14 69 96 82 75 20 10 15 83 8 99 56 73 71 9 87 82 91 47 0 59 81 88 63 1 29 91 70 86 58 32 54 30 53 89 71 14 84 53 68 15 57 73 7 98 0 54 44 11 5 18 64 27 77 82 81 55 76 32 8 22 84 80 22 46 24 16 35 33 86 32 44 81 41 83 91 42 74 12 0 19 58 75 74 72 52 8 66 18 20 
36 91 15 59 41 79 12 12 61 77 81 48 14 72 16 5 56 15 32 32 82 1 58 24 46 38 28 59 32 11 42 95 92 15 3 39 35 86 10 7 63 78 44 89 66 72 20 74 74 32 72 16 9 52 37 97 10 6 78 48 90 95 44 86 73 83 62 12 90 91 15 72 12 22 29 93 61 19 21 22 67 33 14 97 33 48 63 52 73 99 11 4 24 59 95 58 37 43 83 35 
97 69 64 90 18 0 81 75 71 49 76 75 91 83 23 43 34 42 68 44 17 48 65 12 8 30 35 61 0 12 66 26 58 84 52 27 46 80 58 53 44 87 36 3 52 21 70 94 64 77 49 15 18 54 87 50 91 65 93 57 60 50 59 70 71 25 7 30 80 35 99 74 59 81 77 64 77 28 76 82 39 22 60 84 70 32 1 35 53 72 64 61 3 56 87 88 41 4 50 95 
23 81 17 86 34 70 7 29 77 56 4 43 50 64 24 91 88 96 48 12 14 86 0 1 3 7 85 62 75 92 95 66 65 5 39 1 55 51 31 81 17 68 94 77 22 56 82 20 67 38 7 28 62 0 86 20 18 83 33 74 19 50 89 71 16 4 69 64 47 12 9 26 85 97 34 16 83 2 12 39 32 95 6 26 56 29 65 12 92 71 59 7 83 93 33 54 5 45 91 85 
70 64 99 79 53 54 57 56 33 97 81 1 19 3 17 16 25 14 41 20 59 35 64 41 53 98 29 71 48 9 30 73 20 7 55 40 76 88 2 29 72 30 21 4 88 45 89 41 1 50 82 0 70 12 0 55 15 97 72 99 48 44 61 4 64 34 24 93 36 54 94 64 71 44 25 97 18 74 18 41 84 26 49 60 64 78 89 95 89 45 50 92 95 9 32 87 39 65 82 2 
63 85 27 55 39 8 44 45 43 85 42 24 78 21 1 56 30 20 73 4 73 58 16 91 95 36 40 24 49 35 66 79 74 52 83 96 88 81 94 26 13 15 79 30 59 36 19 93 48 27 99 26 26 5 81 49 13 67 24 25 70 13 7 89 41 69 82 45 30 12 20 37 33 8 24 27 2 99 85 89 14 66 64 69 47 14 53 36 61 43 68 24 50 19 2 42 87 85 90 28 
49 41 57 91 95 11 18 23 56 93 37 81 79 10 38 42 5 72 33 38 75 91 69 27 69 63 33 63 58 62 85 35 0 99 73 11 11 52 79 18 5 59 15 54 80 7 71 83 40 88 20 90 11 68 2 33 46 84 23 33 16 68 26 56 72 6 29 8 44 60 5 80 1 60 46 42 10 76 95 33 91 62 2 7 40 45 83 14 2 8 45 38 78 10 78 78 26 11 12 8 
79 43 4 46 67 21 22 63 75 13 49 60 72 49 68 91 59 64 13 66 29 52 41 56 48 37 88 57 56 14 42 82 88 12 94 46 97 53 63 11 39 87 49 5 29 33 33 89 48 73 98 56 55 59 9 41 14 5 80 45 30 75 28 54 59 88 41 46 53 61 85 36 20 42 59 34 47 19 37 97 7 65 61 50 43 26 48 67 87 77 23 26 18 44 13 28 4 98 53 76 
68 37 97 68 52 25 56 49 82 35 52 95 55 72 63 43 95 76 11 85 28 89 95 20 90 64 29 60 86 11 84 34 78 0 71 85 61 97 23 84 22 68 79 79 2 29 50 68 49 22 20 35 90 54 58 7 23 65 40 50 55 3 0 82 54 58 37 14 85 54 92 73 63 95 9 25 70 85 9 15 10 3 86 32 71 56 80 39 29 3 71 86 13 21 45 46 6 45 57 67 
20 35 72 79 32 51 99 93 76 92 72 13 90 12 86 46 27 54 76 28 24 60 41 32 17 90 73 89 44 50 54 0 52 52 49 65 98 61 95 91 16 40 84 90 0 69 87 28 68 49 38 23 24 37 31 8 43 41 18 98 17 20 77 89 12 26 58 97 65 73 48 80 46 36 32 3 26 81 53 74 88 13 70 34 84 97 15 11 86 43 23 3 77 93 5 90 23 85 4 2 
37 94 59 94 1 18 53 74 86 48 44 0 68 92 89 6 97 89 31 87 96 43 13 59 43 97 10 43 26 96 13 40 58 20 98 26 43 3 89 96 69 96 49 71 44 45 22 52 23 24 11 69 7 94 55 22 77 85 60 68 49 0 16 71 7 41 60 13 14 78 98 90 35 71 47 29 36 98 41 10 26 68 13 34 8 55 25 12 1 33 20 70 72 12 90 87 65 98 69 73 
15 75 48 43 12 77 51 39 84 88 95 26 6 9 27 76 7 59 51 17 48 8 45 67 62 25 57 80 52 98 78 44 29 0 85 74 99 79 95 10 83 58 79 71 34 64 69 41 99 82 98 58 86 35 87 28 8 67 88 39 24 94 66 77 30 27 99 37 98 60 17 68 47 93 1 53 16 69 81 52 98 71 49 17 83 93 95 38 83 77 24 54 5 9 41 3 72 44 93 83 
47 33 41 54 74 48 10 7 30 55 5 84 6 83 61 47 47 91 44 59 13 31 23 10 91 81 39 8 68 76 16 28 55 98 25 93 52 92 68 7 21 39 72 63 8 45 68 29 53 56 2 77 10 50 88 32 77 6 93 23 82 23 91 87 98 46 51 92 55 28 86 88 4 64 47 92 48 30 88 13 14 9 70 54 44 26 31 34 32 9 62 92 30 92 22 42 91 26 35 70 
42 5 13 18 1 99 17 95 50 81 45 13 46 94 71 4 97 26 77 69 28 34 99 47 16 31 57 8 20 9 79 33 24 75 47 33 34 67 2 8 61 15 9 7 69 78 61 22 11 59 61 90 5 52 87 0 63 62 57 30 3 28 21 68 2 33 63 65 60 86 14 83 83 60 30 77 39 21 57 52 76 37 99 76 6 56 2 43 48 46 25 18 65 34 24 43 60 80 13 78 
75 57 94 24 66 47 36 97 11 73 2 86 72 51 48 10 13 97 84 20 67 22 46 85 66 8 13 42 38 27 30 41 79 14 45 79 19 16 29 81 82 3 0 67 65 61 78 74 8 84 98 23 4 32 11 71 69 50 7 64 27 55 57 12 72 9 32 17 65 49 27 68 52 14 51 54 6 72 8 47 44 17 7 93 59 60 92 21 8 19 86 60 73 87 47 88 25 85 45 52 
86 31 57 34 21 56 20 20 98 96 27 5 77 83 32 52 87 99 9 73 17 64 26 27 38 24 98 34 79 79 7 81 44 93 28 51 93 9 94 86 2 48 41 28 66 62 59 73 34 13 55 68 5 28 32 46 43 33 56 72 14 82 63 53 29 5 87 27 7 42 26 56 94 21 33 92 9 96 66 45 26 41 5 11 12 40 35 77 24 63 77 32 42 11 91 26 43 7 66 66 
45 15 58 54 6 14 0 37 4 74 61 2 44 32 7 41 18 87 96 0 72 66 91 68 47 6 30 50 42 84 69 4 17 11 36 12 53 68 77 7 52 19 78 98 24 5 94 25 70 18 1 76 65 1 44 74 16 30 44 79 76 96 85 45 8 70 28 51 40 63 16 6 93 72 83 68 53 89 72 33 90 1 36 79 97 37 96 5 75 40 29 27 40 38 41 57 37 94 60 69 
60 18 45 43 67 0 31 27 40 19 28 68 64 63 77 3 89 13 9 49 46 79 74 17 17 50 13 41 30 1 62 84 19 29 73 84 53 61 11 9 78 36 23 62 49 20 30 86 9 46 33 25 62 83 95 57 12 14 54 95 9 71 86 94 81 33 51 70 33 35 70 29 81 60 35 78 9 49 29 54 13 92 23 23 87 14 38 67 17 80 27 21 7 77 46 13 64 38 7 70 
57 28 84 83 49 78 83 18 71 14 38 41 76 46 16 58 92 54 9 87 7 44 76 45 88 42 84 4 2 27 50 82 46 69 90 51 4 91 0 46 41 39 11 5 63 12 58 18 14 11 43 36 80 7 90 33 56 56 8 11 53 93 67 44 91 44 86 29 84 34 61 88 85 2 34 49 23 3 76 16 66 50 37 53 18 44 64 79 15 56 80 29 91 32 86 18 18 65 3 25 
51 56 86 41 12 42 22 57 58 35 3 70 22 63 81 55 58 72 42 13 40 76 62 36 44 51 20 38 25 32 90 67 15 40 43 97 66 85 48 29 20 3 57 25 98 25 62 75 56 15 49 94 45 8 9 23 30 26 52 35 14 35 69 63 77 83 9 84 58 51 15 17 23 4 61 29 48 77 93 65 56 68 16 14 8 63 6 30 16 14 50 37 83 93 83 5 56 16 39 95 
74 49 55 85 57 13 55 63 58 10 84 21 18 4 19 28 50 82 63 49 89 75 22 40 8 44 36 66 90 84 33 16 32 47 24 49 39 11 88 69 54 13 70 60 25 34 51 98 90 57 55 84 58 76 57 4 99 85 65 0 73 67 4 40 21 32 47 5 37 86 19 25 62 57 51 76 46 11 10 11 54 75 47 92 51 58 54 89 34 35 65 13 82 56 7 24 1 53 3 65 
39 65 88 5 46 11 20 83 69 95 11 87 0 12 37 7 48 72 26 87 95 74 60 23 49 12 78 19 0 50 69 25 85 21 44 55 8 30 64 7 70 53 75 83 61 2 48 82 84 7 60 90 36 40 35 0 58 74 30 44 17 50 83 62 34 61 50 77 51 31 67 62 9 25 72 81 37 2 68 22 12 59 56 86 42 55 37 62 48 87 54 89 22 73 79 34 4 70 10 13 
14 50 6 3 33 60 49 2 32 95 74 73 73 67 94 99 8 3 74 11 77 3 50 1 17 96 85 51 57 39 77 2 74 82 52 5 12 14 62 62 49 50 45 37 25 75 99 50 28 25 83 94 55 12 35 0 79 87 55 35 14 1 46 80 79 80 41 94 32 50 84 46 2 34 81 28 16 68 70 57 32 21 95 75 79 85 31 66 51 69 75 60 50 27 57 83 77 55 33 41 
34 37 26 32 1 97 15 12 48 42 87 42 21 10 34 70 33 60 45 47 83 59 57 81 91 66 30 15 87 72 53 34 9 55 16 6 95 51 6 99 35 60 43 55 35 72 56 7 20 50 90 91 57 96 39 69 47 2 62 8 67 59 84 45 75 19 91 42 72 97 42 19 55 99 73 14 46 13 78 66 98 46 92 10 27 77 27 10 19 98 28 62 39 27 75 26 94 89 66 58 
19 95 72 83 30 39 89 65 98 54 7 71 9 77 90 16 51 89 80 7 27 23 81 77 0 84 65 45 23 98 1 61 62 92 6 19 72 35 88 94 38 86 52 2 50 10 32 53 21 9 91 76 7 84 51 49 49 59 90 86 98 86 69 94 95 97 19 99 15 83 69 80 15 47 76 15 69 58 47 29 35 41 47 85 86 98 16 11 20 8 14 18 15 0 17 35 83 5 40 51 
10 88 84 35 17 37 75 18 69 5 6 89 60 8 28 82 42 56 64 89 51 38 62 19 50 29 9 91 30 37 67 79 28 26 89 70 32 45 5 36 8 42 26 71 63 95 42 99 5 55 26 12 52 54 89 22 2 0 17 2 36 41 23 7 94 80 93 31 88 51 19 39 24 33 69 81 53 9 62 16 96 66 78 41 65 80 43 40 92 50 58 40 12 84 24 39 52 79 11 61 
80 94 60 49 82 87 41 25 70 47 51 61 15 2 44 34 71 99 33 35 56 54 27 77 67 90 19 96 34 18 36 69 5 35 68 68 62 16 30 9 94 64 38 15 89 83 88 17 53 51 98 53 54 97 33 85 49 80 79 12 55 6 7 61 35 57 16 50 32 7 26 67 40 5 41 68 28 0 59 13 33 33 70 52 30 71 27 96 74 94 9 40 88 23 76 10 74 73 63 29 
48 21 75 69 93 41 14 65 62 90 45 45 33 1 10 42 15 39 5 83 30 95 3 81 22 56 71 56 62 82 69 55 49 30 28 50 10 65 65 31 8 92 12 35 82 66 73 14 58 74 75 44 73 40 23 17 67 33 33 71 46 73 54 27 64 5 82 42 45 29 0 72 70 23 74 2 40 65 11 76 67 55 58 44 94 9 53 46 51 91 45 24 40 62 99 61 41 66 80 13 
62 4 89 46 36 71 54 2 75 89 1 15 30 3 85 52 26 37 75 82 28 38 39 17 94 88 48 53 12 2 6 91 59 27 92 56 49 99 57 51 22 91 17 73 91 45 96 94 65 84 99 23 64 25 88 20 29 11 35 83 97 45 60 76 2 49 99 57 7 11 94 1 55 78 62 33 46 50 48 72 15 71 64 80 49 77 79 31 37 21 94 11 3 66 19 28 97 87 64 19 
24 52 89 0 80 15 29 35 46 26 72 76 16 6 67 13 25 90 8 52 77 59 20 49 91 78 70 11 82 45 30 61 69 74 14 0 78 58 12 28 60 56 44 4 39 52 35 66 88 71 52 78 15 28 33 57 5 0 46 17 33 82 42 83 97 68 18 14 97 86 62 14 44 97 53 15 33 2 92 30 20 64 98 9 13 86 18 43 81 93 57 74 0 50 35 69 18 35 24 88 
88 36 27 42 42 12 65 1 46 35 55 16 56 58 10 72 12 13 50 31 35 25 94 39 97 26 5 51 26 82 4 67 73 3 48 44 13 6 27 86 94 56 66 77 83 13 64 65 16 18 6 62 6 71 54 2 46 10 44 45 2 54 43 32 42 40 64 69 11 58 92 93 65 61 67 86 78 28 85 47 68 97 16 90 56 43 51 89 65 25 77 79 14 43 64 89 24 86 71 11 
34 53 62 48 18 1 26 99 65 48 36 10 14 5 46 21 27 3 8 18 51 52 47 66 18 8 7 84 15 42 98 52 71 18 16 3 79 84 6 20 96 20 30 82 36 19 52 5 84 76 25 47 31 62 34 68 86 54 25 91 82 32 64 18 30 86 11 12 46 47 63 33 34 1 54 19 87 74 84 48 46 69 50 26 71 52 43 62 77 56 9 16 99 3 53 19 74 33 81 60 
52 14 17 7 36 23 76 46 87 63 92 32 19 60 72 9 37 42 73 41 9 98 99 34 68 59 42 13 49 6 76 35 1 96 81 60 7 21 76 49 64 37 84 59 25 65 63 47 38 39 85 11 80 6 16 80 34 98 70 78 57 62 52 17 32 70 98 58 9 39 75 17 9 37 26 44 9 45 1 24 46 47 33 66 75 78 19 28 45 1 5 69 19 28 44 27 22 96 36 47 
18 34 44 39 23 27 20 19 35 67 12 88 73 24 71 76 69 86 84 45 81 83 8 26 7 77 68 75 84 28 96 61 72 62 95 97 7 94 89 64 19 73 99 19 67 15 10 31 88 11 95 35 29 41 2 69 17 84 16 47 0 77 1 11 53 90 85 45 95 18 90 42 1 40 79 1 11 99 23 2 10 73 17 98 47 70 39 70 60 70 93 85 54 77 7 92 3 27 85 33 
31 5 70 64 0 27 43 10 26 33 13 8 36 99 57 34 57 48 99 81 38 91 14 3 4 21 30 50 12 53 7 43 25 45 5 59 29 59 95 58 36 8 8 51 50 57 4 8 56 15 23 70 69 82 71 12 8 56 15 44 92 91 12 58 23 58 3 0 16 43 51 57 69 34 1 50 92 25 21 18 76 69 46 89 94 47 36 55 28 59 65 50 45 69 3 89 74 17 29 15 
77 89 8 83 53 79 11 69 53 85 16 93 84 95 33 38 36 35 94 42 62 57 81 24 86 92 60 18 34 57 10 44 16 77 69 77 87 5 18 60 11 25 45 97 86 72 42 98 45 34 72 80 43 39 26 6 54 36 80 56 91 31 70 12 20 4 50 45 77 57 66 19 64 78 41 91 56 33 27 99 15 40 43 9 10 16 88 88 74 52 97 15 37 23 94 21 67 66 16 97 
93 45 24 26 97 15 79 1 71 73 4 90 4 19 90 1 5 93 51 39 90 33 98 3 35 0 61 60 15 2 70 67 12 1 91 78 14 49 83 21 47 74 47 32 78 18 9 96 70 94 64 13 34 10 40 96 19 27 43 34 49 61 0 97 45 13 27 85 6 0 18 42 32 8 62 36 97 19 8 30 86 2 66 79 53 24 65 34 55 87 77 26 1 94 67 53 10 24 21 8 
51 59 63 19 81 40 17 61 7 79 72 71 37 94 26 90 88 22 56 25 84 57 26 39 94 66 78 41 89 38 56 24 43 27 42 78 83 58 2 85 71 97 96 24 11 65 6 44 96 58 73 42 77 4 82 91 69 76 21 60 39 16 77 23 35 47 87 6 66 41 43 99 8 45 25 19 95 40 68 58 19 93 93 87 84 17 98 45 87 1 25 10 16 10 86 15 63 0 79 23 
26 26 55 74 87 37 41 25 51 30 63 33 85 97 67 65 83 80 21 17 94 25 64 23 84 91 89 18 51 10 9 81 95 36 19 36 32 58 78 39 41 72 40 80 80 78 55 13 91 96 95 38 58 71 61 99 7 28 45 42 38 4 78 68 77 92 6 88 55 71 44 59 30 62 42 62 70 87 2 29 32 62 88 86 65 35 45 66 16 8 79 6 58 86 1 0 43 34 84 18 
51 10 93 83 54 47 5 25 49 49 91 83 62 97 69 92 89 27 94 88 84 80 74 78 57 69 34 61 2 25 17 62 37 15 91 37 20 40 98 64 23 96 22 74 72 46 97 65 24 21 95 25 51 79 46 45 72 5 81 99 34 57 30 4 17 39 82 51 2 72 12 55 52 62 68 97 64 8 93 31 48 73 48 73 61 66 68 9 58 85 59 94 19 75 74 81 79 70 52 84 
78 32 3 90 22 98 52 54 0 76 8 31 62 8 30 56 26 29 42 53 89 10 59 62 76 83 98 39 99 71 3 28 97 67 87 77 68 90 70 72 85 33 86 57 49 61 64 3 97 75 3 73 95 51 18 80 27 76 76 79 41 15 46 7 43 50 13 72 41 63 35 79 59 84 67 49 83 9 83 32 60 5 4 21 89 25 18 94 62 71 78 81 52 13 70 13 4 8 16 47 
50 52 97 3 98 61 52 96 90 32 97 5 69 74 71 58 75 52 89 46 42 43 72 42 1 18 42 34 71 94 1 58 59 34 95 4 13 15 36 68 47 53 64 40 53 31 15 30 37 27 67 46 99 93 81 8 44 90 74 58 38 84 95 9 80 56 34 42 21 95 43 87 54 69 87 27 71 47 16 66 19 54 2 36 33 45 61 73 21 28 58 73 3 45 22 85 80 43 8 5 
74 32 26 19 95 83 43 84 57 19 43 43 12 11 56 23 79 78 60 80 96 40 95 63 31 2 2 20 80 90 48 85 60 55 32 18 41 8 59 65 13 98 31 51 98 11 36 46 46 65 58 88 12 43 32 16 25 2 48 0 21 71 66 71 71 47 1 15 50 63 67 21 76 97 40 35 11 49 27 43 11 33 92 39 43 25 94 80 95 50 3 55 29 27 87 49 2 81 70 62 
32 5 84 0 22 48 27 52 36 23 56 85 51 2 98 24 71 81 15 40 47 77 35 35 16 12 78 40 51 57 37 54 52 70 1 54 63 42 75 73 12 5 99 8 17 82 2 47 5 48 13 42 30 36 45 70 84 54 87 65 84 94 29 41 26 29 54 95 11 96 96 53 69 8 73 16 64 7 30 32 72 6 12 36 24 71 23 42 83 84 71 6 74 41 31 50 57 99 59 71 
17 81 31 66 49 52 76 73 43 1 97 47 86 38 82 0 49 17 92 10 55 11 65 49 61 65 61 29 71 67 41 62 2 94 15 95 53 0 50 15 83 81 52 80 45 68 5 80 29 98 33 54 90 14 17 8 88 27 94 2 10 62 7 12 90 91 76 44 33 84 15 6 44 83 1 99 70 97 76 55 19 64 92 98 0 18 88 33 36 46 71 14 35 87 70 97 9 15 43 97 
61 18 2 10 26 6 15 20 69 65 0 32 16 88 72 17 87 19 45 3 22 63 22 23 30 87 92 29 87 66 30 85 28 79 87 60 97 3 23 11 98 19 92 89 53 69 74 73 66 84 72 66 64 9 45 70 99 46 47 17 91 73 24 27 80 62 90 82 28 17 51 88 37 48 80 1 27 25 61 70 76 26 62 98 87 77 28 43 61 87 83 31 58 84 62 52 47 61 44 37 
92 17 86 80 85 11 5 72 81 36 21 30 74 96 86 11 14 11 21 51 93 42 95 81 92 6 50 9 82 16 60 22 69 62 76 1 95 81 17 78 86 71 6 58 40 51 60 49 79 82 70 12 91 20 91 37 5 72 87 58 21 40 26 60 71 69 98 81 71 97 11 55 85 90 29 74 70 58 12 20 76 87 19 32 3 33 87 37 73 33 65 11 23 85 11 42 18 77 23 62 
37 80 28 39 95 76 29 82 47 90 15 64 78 9 98 93 29 68 47 51 80 6 41 29 30 10 22 26 93 51 51 74 73 86 54 2 64 38 78 99 77 26 52 21 53 25 73 33 93 54 80 49 77 91 30 22 40 16 19 3 90 11 75 24 42 46 84 13 80 71 37 59 50 23 19 99 13 35 4 67 66 59 70 30 53 15 44 80 70 78 35 92 67 4 18 35 61 33 26 34 
98 68 33 12 7 41 89 67 65 29 41 95 77 26 15 30 64 62 20 45 24 45 48 83 53 99 64 17 70 26 69 70 12 4 18 20 79 15 81 95 94 90 34 64 74 3 89 45 74 42 29 39 90 41 85 27 47 87 57 93 57 14 8 18 52 20 41 69 84 90 24 20 84 88 58 40 89 83 47 75 78 52 63 0 11 25 47 44 55 21 6 99 34 88 19 40 83 40 45 86 
56 13 92 43 87 88 18 66 78 30 54 84 46 15 47 18 17 37 80 50 47 9 78 23 29 17 59 2 41 51 66 14 53 77 39 31 63 73 45 6 12 47 84 32 80 45 0 60 58 54 75 29 64 82 2 1 61 13 23 31 29 93 73 51 49 13 28 15 4 56 99 4 84 83 96 51 89 78 34 78 67 96 4 97 54 60 37 85 63 87 55 22 61 67 57 4 5 26 36 97 
41 4 36 52 42 89 83 65 81 75 26 76 67 86 48 67 65 60 67 75 95 99 80 1 11 29 74 1 4 96 50 4 39 42 73 59 18 58 95 34 36 23 74 34 68 93 66 21 13 18 40 24 97 79 61 95 28 27 40 14 16 10 66 0 70 54 21 15 32 94 51 19 5 64 49 52 64 88 95 68 21 93 33 26 32 64 10 28 64 95 36 35 59 93 97 80 38 43 52 61 
19 68 51 74 73 63 4 78 68 20 17 57 14 6 81 30 50 1 83 56 6 0 1 68 78 48 62 38 55 73 3 86 77 64 76 57 64 79 29 76 84 45 94 62 84 97 84 69 17 8 49 35 12 24 36 70 65 84 29 69 32 1 33 92 80 40 13 90 70 57 7 58 32 22 30 93 31 33 67 17 90 77 19 53 76 12 67 75 68 48 74 29 50 71 34 1 61 89 98 27 
87 72 78 52 52 23 43 24 55 38 85 40 77 9 18 66 63 95 24 4 22 65 54 11 98 82 59 15 3 18 12 55 79 18 83 3 71 58 59 97 91 25 54 44 5 48 13 90 5 33 55 26 13 30 36 37 61 31 87 52 48 36 10 57 81 47 21 1 71 8 54 83 81 66 87 23 24 5 84 45 38 8 43 23 47 84 33 96 66 66 26 79 18 98 96 55 66 36 20 24 
50 36 10 22 35 56 87 20 0 37 23 16 38 58 60 28 53 35 99 76 40 94 13 11 22 94 82 96 42 21 1 26 29 36 57 17 98 48 54 23 86 7 99 17 44 11 46 90 42 38 72 98 14 79 47 14 28 92 29 64 53 25 51 17 47 16 2 38 85 85 52 39 58 20 95 65 73 56 29 8 16 18 64 12 57 78 84 67 16 66 41 39 78 65 46 16 66 21 66 20 
86 68 70 22 8 51 35 73 37 68 6 57 25 74 65 40 73 3 81 34 58 61 96 69 39 44 27 26 96 75 75 31 87 88 60 11 83 53 24 55 92 16 29 71 11 83 13 28 2 57 52 59 77 35 24 66 86 63 97 37 2 69 8 72 49 26 68 58 17 17 9 89 58 60 80 57 64 56 88 62 87 1 75 38 82 84 60 42 12 5 52 16 40 71 82 5 64 22 68 64 
96 45 86 54 26 15 37 43 97 18 48 89 78 50 22 11 6 44 88 73 41 83 48 15 78 27 31 63 0 39 63 47 25 6 92 58 93 54 39 5 41 65 31 88 21 49 60 39 26 89 69 72 72 1 74 98 43 50 30 10 25 98 17 72 31 18 10 76 23 40 87 99 50 32 52 41 37 30 81 28 81 74 74 9 71 14 9 49 81 99 31 75 42 74 23 23 60 33 0 86 
84 62 8 1 26 64 4 59 18 48 9 67 94 21 55 61 72 75 98 0 22 4 71 84 60 4 32 65 10 14 38 27 48 32 90 31 62 44 26 54 19 15 65 65 72 31 73 1 84 23 8 63 83 1 89 67 24 47 28 8 35 98 5 3 54 85 21 61 2 33 66 66 74 72 56 40 44 75 67 67 15 23 7 34 36 39 77 14 11 52 20 18 37 93 32 86 48 13 46 79 
10 94 52 39 45 79 26 62 26 2 89 97 77 62 19 26 72 70 0 51 44 27 79 69 8 82 60 48 8 2 4 86 69 68 25 13 69 55 44 85 18 63 36 94 85 53 1 97 69 53 69 0 6 67 5 23 94 25 71 58 87 57 99 68 53 2 0 97 18 9 5 75 75 55 15 25 25 99 36 24 21 89 76 87 20 60 27 90 94 52 32 50 36 13 28 59 48 85 74 61 
0 41 1 51 38 45 10 28 51 62 68 68 81 85 54 31 15 88 64 60 55 36 16 57 13 87 50 73 67 77 85 42 58 42 53 44 36 78 22 2 88 23 70 31 17 58 82 20 19 84 68 40 18 24 9 47 44 98 17 44 37 81 87 13 10 92 39 36 47 2 90 11 64 24 41 7 21 63 84 42 32 43 52 86 39 33 42 85 27 44 78 18 44 6 76 8 38 64 6 90 
