84 11 73 33 65 4 99 20 60 92 71 36 66 10 87 24 70 17 38 76 67 2 81 55 2 18 34 56 88 32 72 92 14 57 88 71 83 1 35 68 54 45 48 50 29 94 95 88 85 25 
25 3 19 75 94 2 58 14 29 26 54 80 54 15 4 52 10 7 59 11 6 14 90 66 17 86 95 49 68 36 72 1 31 50 4 33 70 86 84 25 11 95 42 8 30 70 1 40 26 72 
59 63 61 34 0 45 23 37 44 63 43 84 42 82 83 66 37 48 57 24 20 50 14 54 1 95 14 97 11 8 0 94 84 37 43 16 72 18 53 63 27 77 83 32 89 39 18 95 8 50 
64 48 97 26 81 97 47 14 52 88 84 17 9 69 10 72 61 5 9 26 8 21 61 59 49 60 27 53 50 50 75 20 94 39 29 64 37 11 4 93 19 47 97 2 76 25 76 64 13 83 
72 53 66 33 38 32 59 0 25 80 9 5 31 69 79 27 86 85 81 20 27 15 47 30 78 4 97 86 32 39 97 28 38 86 17 89 50 9 64 96 3 47 67 6 8 63 12 58 21 49 
93 12 77 92 33 74 7 6 20 80 24 2 37 54 72 90 65 7 57 29 73 44 68 58 70 60 5 58 48 58 78 55 29 75 18 57 68 97 51 65 66 63 5 60 83 67 93 68 84 45 
27 89 92 21 82 23 84 6 28 35 3 73 16 43 58 94 18 2 5 68 32 76 2 59 31 2 17 49 72 65 36 18 27 9 84 17 91 59 80 18 15 34 54 93 85 98 27 19 13 74 
22 72 56 44 72 56 26 47 47 70 0 0 56 46 62 96 81 78 96 25 11 67 43 14 40 28 51 40 29 71 11 78 29 39 48 49 37 11 17 69 75 77 86 66 57 77 8 19 36 58 
49 51 36 25 92 96 61 1 35 32 62 63 51 46 98 19 24 42 28 74 38 32 67 70 30 63 98 94 41 37 68 31 58 77 31 60 78 55 14 84 77 11 12 45 82 29 23 43 15 16 
94 66 55 57 46 93 48 30 83 79 76 30 21 19 46 84 17 8 21 28 22 33 73 89 71 31 20 71 66 90 75 38 57 40 73 92 37 78 76 84 24 79 99 40 4 60 30 24 52 37 
76 3 1 84 66 16 73 67 49 41 82 22 42 81 87 43 63 72 87 69 37 76 86 75 60 29 83 5 7 60 51 79 0 63 99 57 93 51 36 67 61 31 52 50 9 28 67 26 7 58 
4 94 76 39 36 41 20 17 57 58 26 92 95 34 25 48 57 88 71 28 88 5 43 56 87 34 88 0 54 71 15 2 96 61 89 8 91 90 3 17 15 3 98 30 86 66 15 19 10 25 
74 52 31 95 28 57 59 50 11 93 19 25 5 42 64 30 24 60 46 98 41 29 79 72 46 23 31 71 69 32 91 4 94 38 83 76 12 29 68 54 29 78 42 99 63 81 99 41 85 78 
37 74 65 12 60 49 13 62 50 46 29 62 22 74 77 39 71 92 63 97 11 22 47 32 20 7 77 73 25 19 91 56 84 24 12 50 71 98 32 77 12 17 1 14 93 29 21 86 4 47 
53 69 75 74 57 38 88 60 77 67 95 34 56 91 16 89 22 85 78 31 55 40 92 14 62 43 52 86 79 80 29 49 21 16 13 82 3 89 62 66 21 98 20 7 70 89 36 74 71 78 
84 12 18 64 46 59 60 2 5 38 23 64 10 2 13 30 4 66 49 16 38 1 79 62 8 11 18 98 32 82 3 20 46 54 13 1 7 14 79 63 94 32 77 55 87 10 75 96 20 63 
47 28 89 74 17 45 60 61 99 5 65 16 1 89 54 47 15 10 54 34 38 89 19 91 53 45 13 9 92 54 33 91 32 4 30 23 40 89 39 60 3 39 9 82 51 53 23 68 57 60 
7 74 62 37 70 29 14 65 51 99 48 35 72 84 61 65 26 21 91 94 5 26 4 0 19 43 7 41 65 78 88 58 71 24 11 82 73 33 46 88 41 85 2 28 96 56 46 39 79 40 
80 85 43 90 95 31 56 3 26 37 53 15 77 53 56 39 81 65 11 78 19 93 4 61 79 81 57 41 83 29 79 49 57 41 68 0 24 16 30 57 4 48 86 37 83 0 89 3 4 41 
61 54 90 33 71 97 44 60 72 85 19 44 54 50 71 4 56 87 91 12 60 39 72 7 28 47 13 96 67 36 84 31 98 0 2 3 50 87 59 64 16 18 60 67 10 13 10 99 11 97 
84 83 47 80 64 69 67 0 30 13 76 54 24 74 90 68 53 4 30 29 28 7 25 87 60 23 69 68 66 16 98 25 74 68 30 9 82 15 24 34 83 94 3 9 69 35 65 94 25 12 
42 17 93 34 67 84 28 43 27 53 31 31 12 16 91 80 33 52 3 48 79 32 76 24 21 49 31 6 84 98 23 42 30 49 24 8 3 84 60 0 26 63 36 12 42 28 77 70 88 38 
35 97 70 30 29 62 76 54 90 30 62 81 67 18 83 48 3 22 88 17 72 38 88 61 14 82 35 70 0 67 40 91 57 14 3 76 85 41 62 73 98 12 84 25 69 38 32 74 44 87 
71 22 31 12 44 45 1 93 71 66 14 71 8 40 55 6 41 38 38 68 51 48 10 79 88 27 89 71 89 18 64 8 31 55 58 15 3 10 5 82 22 57 22 57 96 39 79 42 45 96 
70 24 21 60 51 84 80 71 78 32 79 38 50 48 8 89 97 82 88 16 34 81 57 97 51 73 81 45 54 77 97 14 82 65 70 86 81 34 92 86 69 71 32 89 96 92 2 46 72 22 
63 23 67 77 71 91 46 77 18 15 4 60 51 36 94 18 70 1 32 30 83 50 18 16 99 59 60 84 78 27 35 82 8 23 53 15 20 60 71 98 11 68 93 62 15 27 81 19 67 44 
36 95 40 25 1 0 65 37 7 23 91 88 82 87 44 8 44 62 93 71 46 7 5 91 84 12 60 93 5 46 27 61 64 43 82 54 78 63 36 5 5 66 61 62 36 0 38 67 64 47 
65 75 6 81 91 70 15 30 54 63 44 48 22 87 58 79 82 28 96 56 23 84 22 96 37 99 70 26 71 22 69 85 48 42 77 7 37 56 88 59 89 78 99 52 66 93 92 97 50 25 
92 32 50 58 97 18 58 33 12 9 97 94 54 17 11 19 37 43 92 33 80 99 90 28 90 56 93 21 47 53 18 0 19 22 90 76 76 27 28 78 6 68 86 4 85 7 84 69 83 57 
46 48 35 43 40 87 89 96 42 70 38 86 80 93 14 63 22 20 37 12 12 0 19 64 18 70 60 78 62 10 31 54 38 51 32 39 51 10 91 57 98 44 19 33 62 24 76 98 38 4 
61 49 37 10 73 96 83 78 20 42 62 69 52 50 81 21 25 94 63 32 73 23 92 43 44 50 47 65 16 12 43 74 4 73 23 3 70 37 83 78 37 69 70 90 4 0 37 39 32 37 
45 43 36 21 64 99 74 20 48 68 33 64 84 44 17 9 87 57 71 70 2 52 22 84 61 69 93 33 41 15 78 56 61 10 97 87 2 80 69 47 7 69 80 56 57 56 62 72 4 67 
88 84 62 82 89 42 40 83 52 85 77 26 55 94 1 49 63 99 71 83 29 96 26 52 65 57 67 88 33 71 82 73 53 7 69 82 20 49 41 54 97 66 6 16 62 19 51 64 93 70 
46 2 22 55 69 49 12 49 61 15 27 1 85 67 17 10 70 31 68 37 26 91 27 95 67 94 97 60 26 67 62 59 15 2 51 31 95 9 68 56 35 45 48 83 78 89 85 70 26 9 
25 63 83 50 68 62 77 98 30 65 3 90 71 96 11 12 93 29 24 30 31 69 29 86 64 64 48 95 49 70 8 92 14 75 30 72 26 68 62 69 34 41 16 81 36 85 77 22 56 73 
36 93 87 93 28 42 18 45 16 89 53 71 0 56 33 8 81 43 66 16 32 80 85 53 99 69 97 39 69 62 24 14 12 91 73 72 59 53 20 86 24 92 29 36 26 77 80 91 8 33 
0 54 3 2 27 89 12 64 42 46 20 86 45 56 19 70 49 21 63 87 84 70 83 38 25 74 63 63 24 11 13 60 64 4 5 2 43 59 10 27 50 29 41 88 74 32 57 24 58 64 
59 48 59 6 58 80 12 64 26 54 37 9 62 94 45 60 12 18 19 2 9 35 50 25 88 55 1 30 23 28 34 35 43 72 0 57 51 87 15 27 12 23 27 52 11 18 53 90 11 85 
41 12 85 78 95 73 30 43 84 61 36 73 23 71 91 92 29 48 17 37 78 59 91 4 5 65 78 64 46 71 31 35 70 38 15 98 18 58 46 39 56 94 48 33 34 86 88 6 40 54 
44 0 29 95 17 38 20 96 81 79 73 19 15 0 97 55 62 17 10 99 60 97 12 24 71 31 55 32 65 16 62 16 12 55 83 44 54 94 57 48 95 29 34 25 15 79 24 28 90 73 
82 29 72 0 26 0 78 39 30 73 98 16 27 94 66 29 14 57 8 70 2 53 57 93 48 85 31 3 81 48 55 89 61 16 99 68 68 65 4 9 54 8 76 72 39 3 10 72 40 23 
65 36 11 29 66 31 57 73 72 33 42 60 78 32 96 39 32 18 79 48 46 45 81 45 30 78 2 87 74 75 38 9 25 23 14 53 82 55 87 66 25 98 77 3 3 24 59 83 72 96 
7 41 95 99 77 69 68 28 91 80 88 14 4 20 94 30 73 60 93 58 15 87 91 58 67 2 72 96 2 7 1 83 0 55 35 71 99 68 83 49 51 3 7 17 54 0 94 87 21 76 
84 14 77 26 12 73 87 13 55 0 68 76 82 95 74 95 14 78 91 41 69 33 99 71 80 24 55 4 88 25 62 81 98 16 25 51 47 36 59 75 15 0 87 65 80 77 52 20 41 86 
12 25 9 71 16 22 54 91 28 93 89 72 36 84 75 68 62 39 25 1 65 88 12 12 37 55 49 71 59 51 55 40 16 31 56 89 61 48 33 58 49 34 84 88 51 13 84 27 81 6 
28 94 62 78 67 33 55 34 80 91 56 27 84 73 33 80 80 6 21 6 85 45 46 68 5 65 54 23 52 63 31 71 43 69 10 58 27 41 61 97 45 11 4 17 57 63 88 32 24 46 
91 36 75 24 99 46 96 31 27 27 71 98 37 35 74 48 5 99 5 65 94 80 29 5 6 45 29 36 89 18 81 62 68 73 26 80 8 89 82 42 88 24 26 98 90 65 65 81 10 31 
35 13 52 61 58 15 33 22 80 38 95 82 49 40 88 74 22 47 60 96 94 54 26 75 96 17 25 42 9 58 94 6 88 82 13 89 75 47 24 20 91 59 24 37 78 97 51 54 80 79 
64 4 45 91 32 31 57 22 65 49 42 62 98 69 21 42 10 23 61 72 56 37 65 10 74 39 60 85 64 18 39 70 12 57 93 74 68 97 46 92 23 15 74 41 28 52 91 55 63 60 
14 94 41 22 70 11 66 51 30 21 73 61 3 6 16 42 5 21 0 41 94 61 95 4 35 47 28 14 51 91 80 43 41 49 63 22 34 38 8 78 68 51 88 40 37 49 11 84 94 54 
