93 82 25 44 33 23 92 92 80 72 45 72 84 14 27 73 73 35 82 10 28 63 34 25 58 63 68 13 15 50 86 87 87 33 95 1 73 21 62 24 34 29 79 37 24 29 35 66 28 85 
97 65 37 23 65 21 71 65 16 93 2 49 15 42 22 97 53 12 70 85 4 23 12 18 55 70 33 50 41 96 21 89 60 91 36 86 44 53 46 38 98 1 29 60 96 65 73 3 42 37 
69 80 54 33 36 90 4 42 92 42 97 27 46 19 78 54 46 15 31 64 45 0 57 60 76 40 22 6 90 66 67 20 34 73 96 98 66 26 51 35 44 52 4 91 35 38 87 39 37 19 
30 29 26 20 65 48 75 85 95 12 87 63 95 18 45 77 59 62 68 26 47 52 80 93 1 85 22 98 51 46 69 45 58 94 90 65 54 24 77 30 67 27 85 93 54 73 38 39 46 66 
73 49 40 73 43 56 44 35 81 13 95 23 24 46 10 98 37 89 89 92 87 88 92 99 8 77 32 74 4 88 9 48 16 12 74 31 66 39 66 6 18 48 74 35 96 85 59 81 6 36 
57 77 29 74 48 3 80 99 50 94 17 88 9 86 38 54 18 4 1 46 10 91 43 98 68 28 75 99 56 51 3 43 79 81 83 49 46 17 64 58 51 19 39 78 85 14 15 8 71 21 
84 90 64 80 4 45 54 64 63 95 61 76 6 2 97 93 45 44 51 17 25 87 75 55 51 71 57 74 58 29 26 62 39 91 29 35 19 61 71 21 52 26 50 96 96 64 21 13 31 0 
97 41 67 1 27 84 88 22 86 64 85 94 5 88 77 8 16 43 75 11 83 61 88 16 8 11 89 69 87 30 80 96 74 66 62 13 2 12 40 60 15 58 10 75 58 5 27 74 49 95 
95 19 87 23 33 28 30 26 73 83 89 74 49 21 74 28 50 86 24 18 45 85 28 87 26 63 29 74 10 32 61 45 72 92 70 34 41 3 93 39 4 28 57 31 46 35 4 0 42 13 
82 37 1 39 90 19 21 10 56 68 91 31 99 16 70 3 48 0 14 20 15 51 73 48 7 95 3 41 16 84 88 42 54 83 50 9 7 54 91 57 9 78 29 58 19 92 53 11 70 12 
77 32 62 59 45 16 21 84 35 84 6 49 38 44 19 87 28 81 70 88 68 4 16 39 67 78 25 25 92 33 39 6 37 34 42 29 52 91 77 93 12 43 83 32 45 48 78 29 57 24 
40 53 83 7 99 41 32 95 62 67 93 77 91 70 96 27 41 23 30 59 79 33 56 79 98 31 69 41 33 69 75 5 63 77 9 44 12 55 9 52 57 34 98 74 90 40 0 87 61 35 
83 61 25 34 44 55 83 80 33 0 75 51 44 73 26 88 86 54 66 97 66 34 79 42 84 80 93 36 86 61 10 63 54 95 9 3 36 44 46 78 38 60 29 3 74 47 93 82 90 31 
38 3 59 68 75 72 66 76 19 90 78 9 10 98 88 53 86 68 16 26 8 53 49 78 41 66 97 20 77 15 69 59 95 21 27 87 5 2 66 98 48 18 84 61 27 32 1 82 9 1 
83 52 69 68 36 37 25 30 3 28 33 84 38 15 37 19 68 30 41 13 3 41 57 89 0 18 40 57 9 19 52 94 94 51 35 21 4 78 21 36 95 10 62 7 51 67 20 77 28 46 
64 50 0 22 49 13 9 31 38 96 68 60 26 19 89 58 32 71 64 29 28 73 32 82 6 78 30 2 1 59 44 55 69 55 86 84 89 56 12 14 88 39 33 88 28 96 64 46 23 78 
62 45 42 43 91 1 91 83 0 37 27 9 68 20 60 6 25 60 3 96 97 63 70 74 34 15 24 30 67 98 21 34 44 39 55 36 40 99 53 12 24 44 43 91 7 77 54 41 84 6 
45 27 40 11 40 87 1 43 37 7 62 39 12 95 99 10 52 18 95 43 34 83 68 81 51 82 91 36 46 38 33 37 35 59 69 66 67 31 67 25 51 60 72 64 66 22 47 87 43 43 
27 14 28 82 34 7 53 72 98 14 76 0 14 58 11 86 31 75 30 58 35 80 83 42 70 78 63 65 48 85 43 42 30 96 70 28 91 60 9 39 61 70 28 67 68 96 83 47 27 62 
90 52 79 77 72 83 48 61 90 49 61 45 49 98 78 48 41 69 51 45 9 37 36 1 99 74 75 4 18 1 78 89 13 30 41 15 22 69 22 28 83 27 51 99 95 45 36 2 32 89 
22 17 3 8 27 14 29 27 19 61 9 86 57 94 49 6 35 12 98 59 23 76 22 49 54 34 40 94 88 35 47 68 20 61 71 74 61 55 36 93 51 64 15 25 59 85 58 62 43 12 
27 36 37 68 32 69 74 99 5 41 69 27 66 54 28 80 51 37 51 12 50 40 61 40 52 54 31 51 74 8 17 84 29 94 70 81 48 69 83 93 37 34 73 65 86 27 67 39 81 20 
62 79 82 0 75 70 68 25 4 79 15 94 79 20 21 44 15 62 50 67 61 45 16 97 74 46 74 63 61 57 88 55 79 57 48 42 54 94 4 42 99 6 40 95 55 3 77 46 84 0 
67 10 19 74 10 74 1 73 15 6 70 15 33 62 9 56 49 92 98 7 27 90 56 72 22 86 7 38 8 76 9 59 65 45 74 53 56 57 70 23 35 68 58 13 99 5 43 92 28 83 
38 30 38 31 67 88 76 13 33 56 75 90 73 38 63 18 46 50 81 55 84 80 40 90 56 10 70 36 92 89 70 44 84 6 59 82 43 43 98 83 66 46 44 64 17 86 18 76 59 84 
74 54 1 35 82 10 2 54 18 51 21 42 9 69 6 72 12 76 18 0 93 0 77 52 2 18 97 50 4 27 5 39 85 64 59 20 88 38 2 23 84 98 82 59 55 51 85 19 13 91 
10 60 11 40 44 9 69 24 25 91 36 83 47 84 28 3 55 77 30 76 97 79 99 5 11 85 32 51 33 64 68 24 92 35 51 39 73 45 22 70 65 8 7 84 82 15 43 8 37 83 
60 98 34 42 88 85 68 4 2 92 33 78 19 84 20 40 82 69 81 41 4 25 1 6 91 6 15 83 64 0 41 61 42 38 27 61 73 96 28 79 15 65 75 63 98 34 6 99 94 98 
84 9 84 39 36 0 7 89 47 65 57 78 87 5 49 66 30 35 72 15 88 75 90 60 13 36 63 13 49 45 46 95 2 76 56 14 27 43 12 38 25 61 13 25 82 15 69 17 28 61 
29 35 33 67 64 32 8 11 40 15 98 50 82 26 90 67 82 32 86 99 84 23 24 94 17 43 55 36 96 23 49 23 14 94 64 4 16 1 24 92 45 79 25 93 55 92 78 94 82 59 
73 35 6 49 91 12 52 79 86 51 8 52 53 92 97 18 40 9 2 87 25 2 88 29 86 63 96 26 24 60 34 73 7 28 42 85 79 88 58 29 75 18 56 32 4 5 74 10 68 79 
91 42 82 94 11 69 61 52 13 22 97 25 16 8 90 93 33 65 8 18 8 73 9 98 41 63 69 81 67 25 79 82 97 50 33 76 81 51 9 95 27 46 33 42 67 39 44 23 30 91 
2 53 0 39 62 66 37 73 53 1 94 65 22 65 47 27 88 79 63 15 84 0 5 92 35 19 52 62 78 81 33 26 88 38 29 39 60 99 67 90 28 37 70 17 65 45 74 57 24 91 
11 77 52 52 55 22 81 55 98 52 88 8 83 37 64 8 48 65 16 20 28 74 74 48 68 13 64 81 28 52 25 93 15 37 38 7 66 63 81 7 93 3 22 48 66 22 96 88 75 25 
62 19 66 85 67 54 59 73 26 74 68 92 6 89 87 47 18 28 5 71 16 54 90 22 15 88 49 76 53 94 53 12 18 64 36 84 26 96 7 93 49 63 98 26 25 74 70 4 19 20 
16 74 6 69 63 33 88 57 41 27 75 97 58 96 87 32 38 57 4 10 68 21 79 29 35 28 72 97 32 90 59 94 55 28 71 80 54 41 17 86 64 3 37 61 55 34 98 71 85 98 
22 83 67 89 49 60 38 12 40 70 73 34 72 71 91 21 34 6 99 32 62 20 17 96 21 75 7 31 96 36 64 93 73 32 51 41 83 19 79 84 61 56 86 49 79 10 35 41 24 55 
93 79 71 6 45 34 73 51 38 73 10 92 47 96 20 60 29 74 20 74 43 86 35 47 26 61 24 44 44 76 38 96 92 34 12 69 3 5 14 88 1 62 27 42 43 29 62 64 39 30 
54 2 89 61 65 56 9 84 98 81 21 46 9 53 16 66 4 4 91 1 64 15 43 17 50 31 79 42 98 96 83 34 99 23 25 44 60 23 12 73 87 4 78 35 40 41 46 57 88 16 
89 11 83 48 36 69 70 10 23 22 69 67 21 31 88 93 68 77 28 75 73 71 53 34 39 28 6 97 57 41 56 85 54 21 30 26 85 4 0 8 55 49 83 77 7 7 9 42 48 31 
49 65 95 36 21 34 9 39 14 52 85 32 24 62 53 52 7 49 89 85 68 89 68 75 84 52 27 40 34 45 72 6 7 36 39 39 63 41 35 17 45 59 95 96 55 72 34 25 44 38 
72 60 26 60 34 80 19 5 61 81 54 48 25 6 86 57 27 68 7 98 9 79 15 30 46 44 71 50 86 54 14 5 22 57 10 70 63 12 6 11 47 69 18 71 5 31 9 83 78 95 
64 26 36 35 44 64 94 3 10 37 80 61 56 21 88 88 43 74 17 15 99 31 87 58 91 44 19 81 69 31 73 72 4 49 31 99 52 22 19 55 97 12 64 56 84 79 81 13 70 33 
35 69 55 56 12 15 91 64 88 88 94 73 51 35 77 98 86 82 30 51 34 91 80 0 95 93 8 98 38 44 51 18 65 50 66 60 79 92 22 77 10 84 16 4 48 0 24 82 42 91 
43 92 79 87 55 29 12 83 14 51 93 37 38 6 36 2 32 47 75 89 14 67 59 66 70 81 96 68 36 80 14 72 87 8 16 99 73 2 95 6 20 38 9 69 67 80 51 66 16 43 
80 54 73 54 27 60 94 11 20 21 27 48 30 32 98 56 43 3 75 64 4 74 14 82 7 26 57 33 63 16 55 97 70 19 0 5 8 32 94 99 39 88 63 80 62 43 12 11 83 19 
17 98 12 31 26 63 37 17 86 65 98 26 57 15 50 32 79 56 48 4 51 68 69 50 94 46 95 45 73 10 20 19 11 97 34 53 83 19 14 95 48 79 30 66 62 29 83 54 14 88 
71 38 9 3 55 37 94 22 92 10 20 81 67 92 21 60 99 16 84 11 10 62 92 24 78 42 18 63 97 95 97 85 39 24 88 76 32 59 51 93 26 74 38 39 31 4 31 92 46 60 
30 58 62 72 85 19 71 89 5 92 49 84 3 42 34 88 39 18 0 10 47 15 16 41 75 93 17 8 44 76 23 93 29 69 65 60 85 93 84 10 74 20 18 98 98 60 12 85 55 17 
88 32 44 19 58 12 19 38 51 5 17 97 94 19 52 11 11 41 62 49 33 75 82 8 85 59 64 78 39 2 61 19 83 16 60 14 92 21 57 67 27 77 62 19 0 11 49 42 20 49 
