44 35 78 22 25 49 75 77 83 24 92 35 82 39 92 38 29 80 68 25 71 4 91 44 92 59 79 22 36 14 99 64 97 4 1 72 73 82 26 70 9 85 12 17 79 24 15 2 99 11 48 44 94 28 49 11 79 24 97 87 94 99 19 87 8 3 48 71 56 30 90 53 11 15 38 7 19 96 33 50 71 45 27 93 72 55 48 97 19 37 44 99 33 99 81 99 79 21 78 27 
68 42 42 95 43 42 81 24 61 73 86 58 50 74 30 95 23 30 84 41 84 12 45 10 55 72 62 94 9 18 8 49 83 22 31 7 92 94 78 20 77 92 17 79 33 21 68 38 9 48 24 63 43 95 48 5 7 35 10 18 30 86 81 4 23 94 44 13 46 39 56 7 23 9 83 12 86 19 78 71 48 27 13 23 98 3 24 23 85 19 84 22 42 57 61 52 26 65 46 50 
89 45 32 26 70 36 76 97 75 32 88 69 67 1 98 66 19 92 69 37 69 14 80 71 41 98 6 86 82 1 41 96 5 83 45 44 8 68 63 23 26 96 81 36 77 28 40 43 36 86 37 10 87 91 72 75 55 46 62 88 58 48 72 45 78 98 64 58 5 22 88 21 37 83 33 72 76 82 34 50 19 77 5 38 83 77 37 57 80 9 97 41 42 43 92 33 56 34 9 91 
11 71 0 3 2 68 78 70 71 60 21 31 99 96 40 41 85 85 30 46 76 31 8 18 98 41 92 7 87 39 59 63 95 65 23 22 47 64 5 53 54 41 13 39 3 76 68 4 33 47 9 88 72 24 15 89 46 84 73 27 52 65 87 54 73 84 20 13 99 51 61 6 1 63 29 42 65 89 69 38 51 82 10 6 22 3 57 85 50 34 74 97 61 99 84 41 77 90 96 84 
82 81 16 4 0 80 30 78 44 71 52 48 48 64 74 32 51 58 34 31 58 5 12 66 28 34 71 27 56 65 62 95 84 42 66 55 59 65 51 5 36 34 81 36 42 51 49 79 52 43 40 81 66 99 39 29 27 30 55 76 4 42 71 11 97 25 32 59 99 82 1 90 65 57 7 64 75 20 26 70 43 15 52 18 22 68 50 90 4 51 37 17 3 13 50 79 9 56 54 49 
22 43 95 42 59 53 11 56 65 71 2 73 82 73 45 83 86 22 49 66 97 65 73 1 11 18 0 56 72 1 67 12 49 15 22 83 6 78 60 30 14 88 12 1 52 47 45 18 3 87 81 84 16 7 10 80 74 85 61 9 6 57 96 69 13 88 13 84 67 84 47 68 72 42 37 77 40 39 40 18 63 45 94 20 32 86 20 31 83 93 80 86 95 63 20 98 32 32 73 86 
92 31 23 78 9 59 60 37 64 22 39 15 44 94 48 55 16 11 33 25 45 80 82 11 60 93 80 77 39 76 14 47 6 46 61 94 40 81 74 97 7 36 78 30 0 87 73 87 42 27 98 98 86 64 62 89 79 21 71 42 83 31 19 38 62 63 93 82 61 73 47 46 85 93 80 46 41 99 44 91 77 85 30 11 77 54 89 31 38 28 14 23 95 99 17 35 78 12 74 1 
88 19 18 23 46 73 94 43 86 88 71 16 89 72 90 87 74 41 42 65 15 62 21 82 18 98 7 31 40 34 17 40 17 54 36 77 70 27 59 62 6 68 10 60 14 7 41 10 13 75 6 96 92 11 23 70 18 2 30 29 30 69 57 46 24 4 88 99 37 76 40 1 55 36 23 66 52 19 97 28 82 86 73 3 79 95 80 40 70 1 33 9 66 24 55 63 5 43 71 93 
23 44 56 63 36 80 75 54 99 68 62 14 13 63 42 82 54 5 77 67 34 76 73 64 94 85 30 63 36 68 20 43 8 91 20 33 65 4 44 53 24 54 34 39 94 10 86 70 96 7 18 55 54 90 78 96 64 98 23 47 9 63 80 42 1 13 32 1 42 99 46 42 85 77 98 31 21 55 52 17 77 27 35 40 86 97 19 56 87 16 65 74 64 96 34 97 76 77 51 46 
83 11 73 74 15 8 69 19 47 42 61 86 40 69 46 83 38 99 73 69 75 31 13 36 26 22 75 24 75 52 62 45 52 38 52 79 7 88 44 86 98 70 44 14 59 39 34 7 30 57 23 73 72 34 83 50 65 18 35 52 68 11 4 0 97 65 91 71 55 97 18 85 24 92 34 87 73 76 65 97 70 47 30 51 54 55 42 27 71 44 85 20 65 63 74 45 46 28 67 38 
85 15 73 86 19 12 42 0 54 23 0 32 42 1 25 0 65 92 55 75 10 16 42 80 32 87 95 40 12 86 68 78 55 58 81 67 61 22 85 26 71 29 54 52 51 34 81 54 77 14 5 63 72 70 89 29 43 98 80 72 53 49 85 37 55 13 43 24 44 34 55 83 94 78 3 93 47 52 45 68 30 93 1 22 55 58 91 74 97 15 29 25 46 47 87 7 8 38 11 83 
10 11 83 37 24 54 13 20 64 45 38 35 33 5 78 8 45 55 47 99 97 59 5 75 52 97 81 50 70 91 64 70 50 38 74 28 29 16 69 24 52 22 24 29 20 93 93 10 41 90 2 37 9 22 24 63 73 35 84 84 61 37 39 0 39 19 7 75 10 90 54 57 41 46 34 69 28 6 62 7 23 75 72 95 0 32 27 56 3 53 83 64 32 7 27 86 31 78 71 10 
29 70 70 36 81 35 49 83 62 29 20 43 55 46 80 93 66 53 82 50 13 90 75 27 37 71 49 99 33 59 25 41 52 25 45 36 66 23 48 48 88 47 32 54 17 55 91 63 39 52 8 33 54 12 0 51 27 35 9 43 97 58 38 89 9 55 96 61 43 68 92 83 40 19 17 73 37 41 76 50 47 34 54 94 0 1 65 63 87 76 74 14 95 90 18 21 62 99 99 43 
72 44 44 16 85 40 20 27 59 65 16 73 86 71 92 77 34 90 23 64 27 70 0 1 75 28 16 45 38 35 53 79 97 80 9 92 86 5 40 73 43 7 62 65 17 7 13 88 24 70 1 72 32 33 32 59 42 92 52 17 96 37 15 88 41 91 35 30 9 47 38 58 29 99 43 36 30 58 37 1 86 83 64 10 82 17 42 69 42 94 27 70 98 22 64 55 82 47 73 30 
49 38 93 62 45 93 91 76 86 35 73 11 88 55 87 82 22 9 89 37 76 93 45 16 99 10 73 91 8 2 52 32 2 50 14 89 28 28 49 85 42 63 89 11 74 4 15 41 30 34 26 1 25 7 50 77 91 85 70 36 25 29 39 29 28 91 65 76 0 98 65 41 52 94 40 19 12 28 40 10 16 88 96 61 83 70 60 87 62 6 74 58 54 24 75 16 87 40 97 50 
66 13 96 2 42 56 75 21 10 15 53 29 22 99 96 75 64 71 38 25 68 2 93 86 99 67 11 74 3 83 91 3 47 38 38 68 62 45 97 93 1 75 26 15 90 3 86 97 30 18 82 15 29 1 29 11 12 93 68 90 36 34 14 20 78 24 62 85 2 25 71 70 23 66 36 63 94 35 77 47 23 6 1 26 29 71 39 85 62 56 45 32 74 18 27 80 42 45 81 11 
13 31 49 88 74 70 67 13 8 37 42 31 69 49 74 37 57 16 5 89 99 94 11 44 73 90 45 91 41 55 11 49 46 68 74 7 92 85 42 14 35 83 76 23 10 81 93 41 27 76 99 98 57 36 14 19 90 16 9 25 58 99 79 80 83 12 47 84 3 0 94 65 47 22 31 59 37 91 88 72 88 58 17 48 82 93 37 24 75 58 19 79 89 77 85 27 43 39 59 2 
45 86 63 70 80 69 53 65 54 51 92 80 93 11 46 72 8 67 73 3 82 17 62 13 49 37 2 62 38 32 59 73 8 5 60 49 34 10 72 99 17 89 88 89 84 83 62 61 78 76 89 85 29 65 83 45 68 83 14 66 16 73 86 37 95 67 73 35 13 67 48 44 30 16 22 37 11 94 2 71 87 94 26 69 66 74 53 93 89 70 72 97 89 84 5 31 25 5 99 99 
81 34 62 49 45 2 22 74 52 64 22 83 17 11 99 71 75 23 33 32 9 44 9 29 69 22 67 51 68 39 70 30 38 5 22 52 98 65 89 92 17 20 41 76 23 40 97 16 6 58 38 70 2 67 24 78 33 47 85 19 43 41 29 58 48 76 87 59 5 78 27 29 85 23 96 86 17 80 16 75 6 29 13 4 93 19 98 3 91 23 63 57 14 34 93 61 76 53 82 98 
34 33 83 3 96 5 18 49 55 49 91 28 87 89 21 65 58 74 79 76 16 13 56 12 65 32 18 91 48 38 46 96 34 77 14 73 58 66 64 26 45 85 35 3 93 94 87 74 86 51 94 81 53 90 48 61 92 65 3 15 93 73 52 5 67 8 47 48 78 46 10 40 75 81 63 5 3 71 91 81 47 25 39 15 36 26 49 38 11 86 84 77 40 68 23 41 82 76 51 11 
62 84 91 76 18 45 36 49 27 82 36 0 98 25 24 49 75 97 20 45 83 63 74 97 79 3 76 81 40 90 70 22 18 26 35 44 24 77 85 32 41 25 51 39 76 35 58 67 72 47 52 6 86 55 61 43 36 32 50 28 51 38 55 25 44 50 59 22 98 92 51 57 83 37 55 64 32 87 0 2 65 59 23 12 81 40 36 60 2 74 79 50 45 67 94 69 13 41 3 78 
93 64 13 8 62 90 89 41 33 68 7 25 89 19 33 11 77 80 68 40 64 16 80 40 29 75 88 53 93 19 98 75 7 47 92 49 50 24 89 94 65 24 50 24 43 81 47 79 32 92 96 45 80 55 35 20 27 76 9 18 16 39 69 37 57 18 52 85 52 18 10 41 59 77 71 27 29 70 13 25 20 48 5 93 69 51 12 9 46 79 36 14 51 62 60 52 8 40 92 35 
2 86 0 0 63 44 86 11 14 46 38 15 31 36 14 39 51 40 70 16 44 4 90 43 28 85 74 68 7 63 57 95 5 14 0 78 40 25 21 63 26 8 91 12 3 31 56 52 78 89 94 51 24 63 99 13 45 6 71 94 17 57 62 74 62 55 70 80 72 71 37 48 65 58 59 5 91 99 35 79 34 4 60 13 74 19 62 74 32 93 72 70 52 12 0 23 39 64 97 37 
18 60 76 41 59 30 55 80 31 86 58 44 3 95 63 99 30 21 55 64 51 88 17 58 3 2 34 74 38 39 26 77 90 14 14 30 36 33 50 84 74 29 82 51 65 39 27 68 44 42 95 22 29 29 5 56 82 56 37 4 54 42 24 88 49 14 7 83 25 43 5 90 22 15 62 17 37 51 33 36 84 68 6 73 93 98 61 83 81 21 21 96 87 39 16 87 1 28 46 41 
16 7 8 69 58 22 99 97 97 85 17 87 99 7 51 48 69 41 96 24 40 3 73 18 96 0 18 85 71 71 67 63 2 43 30 85 14 76 0 99 58 59 6 62 87 93 35 59 48 75 83 22 83 52 53 46 47 97 69 22 99 53 43 45 8 69 8 62 6 27 46 36 33 35 53 64 29 4 69 95 54 23 17 53 82 13 31 69 99 8 65 99 74 64 26 4 88 6 97 57 
63 73 25 71 96 3 66 57 22 77 6 90 43 43 83 49 93 78 12 86 12 12 95 11 66 49 35 59 0 50 46 49 63 70 32 40 25 96 44 38 12 0 73 91 35 61 25 75 84 63 15 74 10 88 71 82 97 40 3 46 62 93 58 83 3 60 71 96 26 81 11 58 61 49 3 87 50 74 10 54 44 99 62 56 86 25 60 65 33 21 33 78 64 70 30 29 59 69 51 98 
9 28 48 33 44 84 72 80 44 50 27 38 71 44 81 64 62 11 23 7 28 31 70 46 89 15 82 89 24 11 56 86 45 43 27 44 52 52 59 85 66 25 59 8 19 68 13 46 27 69 76 80 81 28 65 86 88 98 57 23 4 52 45 45 38 71 7 94 31 23 21 90 66 38 79 71 50 0 70 59 69 97 26 25 76 54 11 79 47 64 55 53 93 13 15 38 27 24 45 83 
0 83 21 68 29 35 14 99 50 51 67 2 9 57 37 69 8 42 44 48 45 21 1 97 30 65 74 5 82 18 80 7 35 5 96 66 36 58 53 57 13 23 33 91 65 50 66 40 27 8 67 65 66 16 79 35 34 38 33 98 70 72 49 23 56 16 89 8 1 92 40 68 21 34 67 15 55 48 25 58 60 87 28 78 22 71 61 37 79 74 80 14 27 44 75 82 67 98 53 67 
38 89 74 24 69 90 78 45 97 91 17 72 55 73 53 80 93 68 73 9 84 74 76 96 85 56 75 65 20 49 80 90 57 4 16 38 33 49 13 93 73 91 35 93 4 72 67 74 91 68 42 78 49 90 57 29 77 5 85 79 19 90 69 5 4 31 81 21 73 92 61 20 98 59 30 94 84 49 9 13 93 63 74 37 93 62 98 44 65 23 4 92 12 93 92 17 22 28 42 45 
32 82 50 29 51 12 79 38 85 20 53 87 73 48 73 37 50 46 48 85 82 45 17 68 67 18 31 41 87 96 30 10 68 73 19 68 82 38 46 89 84 21 19 70 76 25 32 94 3 53 99 72 89 9 3 68 0 9 7 73 39 35 66 13 89 67 76 98 66 93 54 3 69 71 64 46 7 96 67 16 81 84 45 6 80 21 31 11 8 33 83 17 54 17 61 41 13 25 75 21 
15 69 83 97 13 83 56 9 40 34 17 8 66 23 61 62 16 94 24 77 69 7 93 94 68 49 52 15 49 55 5 92 5 61 38 50 2 50 98 33 81 15 15 33 51 6 25 28 90 76 67 79 49 39 81 31 21 8 31 77 81 57 1 32 12 70 15 2 42 53 71 70 32 51 49 88 84 25 90 73 93 14 0 52 22 85 96 69 49 75 49 37 81 46 1 19 44 65 29 90 
83 63 30 82 99 89 29 91 90 55 47 40 48 66 86 64 50 57 66 59 56 0 79 99 66 96 85 0 74 47 93 77 27 99 68 43 49 83 94 60 79 29 33 53 13 18 45 76 76 18 18 65 42 3 88 89 34 93 42 39 72 63 7 87 25 68 56 72 49 87 70 7 77 63 87 12 75 67 27 75 55 53 29 27 43 42 29 69 39 50 68 41 79 88 58 41 8 99 67 34 
69 26 74 2 22 61 94 98 22 73 97 81 65 3 74 34 24 7 49 91 75 63 62 61 63 69 30 85 26 4 21 36 72 27 81 47 40 11 73 34 38 72 50 3 93 85 10 81 83 63 53 37 60 79 69 91 61 27 28 98 42 87 73 66 22 56 24 6 33 56 89 57 79 63 3 15 11 14 28 12 86 42 33 49 21 72 72 76 7 14 16 13 68 32 88 89 19 79 90 33 
91 94 46 10 25 20 31 88 71 21 33 48 95 12 8 99 37 60 96 99 3 22 77 0 0 46 37 47 91 2 28 82 17 71 87 89 96 53 64 47 45 85 32 20 72 81 86 85 2 88 4 60 80 42 24 50 14 22 33 62 98 95 73 64 95 92 65 94 4 39 27 54 17 11 75 4 44 88 1 69 95 84 69 0 1 40 24 20 38 40 63 34 69 39 22 24 93 44 39 42 
33 26 31 92 55 23 83 25 38 46 74 38 72 63 71 6 68 82 2 24 13 32 52 38 30 9 59 61 27 37 42 24 95 1 80 9 76 29 90 46 48 72 88 77 41 95 29 42 40 5 74 76 97 86 3 98 38 27 27 7 97 97 13 13 71 50 4 82 42 24 32 47 29 79 45 64 26 98 35 21 81 81 47 48 95 37 58 14 18 75 58 54 51 74 1 55 3 99 84 46 
70 58 20 16 41 26 41 6 67 17 95 61 51 53 81 6 64 15 30 31 60 10 10 91 53 2 61 12 69 41 99 34 57 33 43 22 4 68 29 36 85 44 14 65 42 35 2 81 6 62 77 40 86 60 97 33 47 33 87 92 43 8 79 4 81 70 25 44 74 0 85 84 14 95 75 42 14 5 83 30 79 11 63 73 82 85 91 21 61 13 16 73 71 0 16 46 36 45 33 71 
71 19 76 41 43 1 68 14 91 20 31 70 13 77 23 79 70 16 53 29 8 64 58 21 56 20 23 76 32 17 75 38 47 25 59 59 40 20 57 48 29 32 35 18 30 70 70 81 1 90 70 55 78 36 97 39 5 41 40 36 31 4 1 93 23 22 49 87 22 22 79 24 85 69 14 46 29 44 56 47 58 80 87 95 81 27 24 48 24 75 26 0 4 36 64 60 13 81 19 64 
87 68 14 67 13 22 74 24 25 77 40 93 95 24 36 71 7 26 4 43 84 66 70 35 43 70 95 76 34 48 64 94 85 6 77 8 98 25 47 50 84 66 54 76 59 34 76 33 62 36 45 28 53 66 79 70 19 14 31 88 71 1 5 10 47 99 65 95 61 44 54 51 53 62 7 67 30 60 56 61 1 87 58 60 67 59 22 28 22 92 15 56 66 89 86 3 16 37 77 89 
20 52 75 80 28 36 47 15 56 84 15 93 95 89 63 33 26 68 91 93 23 51 1 17 37 32 74 61 58 90 86 21 25 20 13 20 53 43 61 11 17 28 50 67 98 43 89 89 66 18 33 45 6 61 77 18 27 17 29 69 16 51 7 75 58 94 29 47 24 61 78 27 57 14 81 78 77 33 4 16 15 5 20 25 76 4 80 55 47 38 33 33 82 32 29 76 1 20 6 33 
81 52 69 79 89 70 18 19 84 31 51 77 41 93 49 4 47 89 82 65 75 21 91 64 32 64 48 59 69 16 53 79 85 64 11 28 51 58 32 73 19 97 79 48 73 85 8 11 88 8 94 98 86 67 2 23 58 1 35 76 74 0 70 80 42 35 20 13 88 12 81 24 30 74 80 85 5 19 40 36 11 72 9 17 20 8 88 76 32 45 98 52 60 28 12 56 77 20 23 18 
73 70 82 12 17 27 80 85 67 1 14 37 85 15 50 91 85 83 57 78 78 89 59 89 39 62 60 28 27 26 16 36 80 2 42 42 24 76 90 27 85 44 21 94 52 87 58 74 53 34 82 13 32 77 71 42 55 28 17 7 46 18 9 10 47 17 90 45 83 89 84 31 85 28 78 81 78 61 73 61 64 3 55 62 82 41 5 68 48 60 11 66 40 8 11 88 44 62 17 18 
71 26 19 66 25 37 93 72 37 29 46 25 18 71 91 96 65 96 31 73 26 60 64 75 91 0 13 3 77 19 68 43 46 62 50 7 63 90 29 67 59 34 69 84 55 90 66 88 31 48 97 76 97 33 82 96 37 13 40 26 45 38 11 42 53 62 82 14 54 44 7 24 18 10 71 36 7 44 78 32 14 19 56 5 65 54 33 56 61 89 31 45 84 76 41 91 85 42 54 51 
53 96 6 1 72 71 28 57 43 25 17 54 64 54 72 33 3 1 74 40 26 22 60 89 93 57 42 60 80 6 83 35 14 3 94 81 96 90 51 30 29 24 59 42 79 81 80 79 13 88 52 63 82 93 75 68 6 9 88 19 96 10 56 54 92 68 1 77 46 23 93 55 62 38 77 74 73 83 21 72 65 68 9 33 28 2 69 69 54 96 12 32 36 97 38 42 3 94 41 60 
58 14 49 40 43 99 30 96 76 30 46 54 25 93 70 91 40 68 74 21 1 53 69 85 23 97 33 81 99 52 22 66 88 94 88 74 98 79 72 79 99 12 80 43 63 55 57 31 82 1 25 70 7 81 72 32 59 56 16 30 96 51 45 92 72 44 50 19 57 46 8 88 38 70 54 38 41 14 14 84 30 23 71 35 37 24 28 52 95 47 76 25 10 71 30 28 94 37 86 90 
15 11 40 50 0 0 73 80 29 33 9 35 44 51 64 16 49 58 95 22 35 89 68 47 22 92 24 60 54 27 85 4 32 51 24 21 47 17 17 24 54 45 64 70 1 81 62 58 4 95 25 9 27 92 61 23 78 66 32 4 4 54 78 31 99 82 40 50 18 91 5 34 48 22 98 0 55 68 36 16 26 18 96 77 3 50 62 90 91 48 13 99 77 20 70 46 42 88 58 83 
38 40 65 55 2 68 49 97 15 50 92 23 40 49 73 86 11 13 84 62 74 95 20 17 83 67 72 42 84 25 9 26 45 41 31 6 14 27 82 30 2 17 47 25 0 74 78 25 15 47 14 1 33 3 60 22 87 37 37 50 81 48 11 15 60 22 12 87 43 10 16 26 22 18 56 44 32 54 63 73 27 72 17 47 14 68 34 43 70 12 24 50 53 19 72 45 87 31 91 10 
14 34 63 77 93 49 83 16 86 84 96 75 76 30 29 14 23 58 65 99 91 4 2 98 56 68 94 72 78 99 22 32 17 51 61 68 17 62 66 19 52 30 8 1 4 83 57 32 70 76 3 38 93 7 11 99 43 96 34 16 70 16 37 84 77 49 32 46 48 60 15 47 81 26 15 53 73 9 22 40 26 96 81 41 38 35 66 96 96 38 75 26 77 20 41 46 14 20 28 19 
84 37 82 31 57 77 98 91 89 10 79 23 95 28 65 78 97 90 56 50 0 4 86 41 1 40 46 75 84 92 90 56 75 35 28 56 63 59 57 69 10 71 61 44 49 17 7 52 29 58 76 95 39 0 66 65 88 88 35 6 8 96 82 24 20 51 85 45 49 84 83 41 74 31 8 75 23 78 14 88 40 80 31 81 94 8 1 99 72 63 69 20 36 33 59 79 63 37 60 2 
30 64 57 18 39 20 99 69 87 69 91 44 85 15 32 32 47 74 67 98 64 19 15 71 90 7 33 77 4 28 1 75 18 50 18 73 8 80 54 56 76 40 94 7 0 45 96 18 44 86 1 86 91 26 14 65 48 94 10 67 51 50 98 57 61 63 99 41 0 44 2 47 55 20 70 54 73 36 83 57 96 34 27 43 67 13 13 50 64 1 47 92 68 9 76 19 36 27 83 86 
85 0 11 91 22 69 91 28 4 41 92 9 14 8 60 50 51 24 69 48 85 78 31 25 95 38 10 46 53 70 19 33 46 84 56 22 42 87 90 29 78 32 27 76 76 70 41 42 83 90 10 33 91 39 36 96 92 85 6 61 89 20 39 33 83 24 54 83 47 42 19 89 61 37 74 76 57 18 1 56 23 65 39 52 61 5 26 3 0 18 16 40 52 76 38 34 80 27 60 26 
98 37 21 69 2 0 82 72 65 21 93 51 11 51 68 98 9 0 94 70 9 28 33 31 83 44 29 80 33 62 75 20 21 81 1 52 65 52 18 1 40 14 97 51 35 41 47 42 10 15 84 44 56 88 89 63 88 94 23 8 22 45 3 72 46 18 15 22 63 14 48 82 54 75 48 40 0 79 1 36 8 48 35 73 98 63 55 43 41 3 81 81 12 48 87 6 63 96 78 88 
26 22 48 43 47 46 38 31 60 29 65 4 79 61 8 97 37 98 80 23 76 82 26 27 45 95 48 55 66 99 66 89 64 4 3 92 87 40 84 99 84 42 9 55 63 59 22 85 91 96 15 64 31 49 71 3 82 93 13 30 77 46 44 57 4 36 5 14 10 9 30 13 56 88 13 4 1 46 86 0 31 80 25 8 77 86 51 88 68 11 83 55 86 95 64 53 89 81 17 4 
20 73 71 35 45 25 34 48 31 66 67 34 36 53 9 42 46 50 59 31 57 29 97 63 48 72 5 32 9 60 11 6 50 19 96 91 65 94 32 93 90 26 22 39 8 80 12 27 37 65 15 66 27 51 40 69 51 6 72 78 7 42 69 5 66 45 53 69 50 27 10 57 51 11 67 32 62 41 50 41 20 59 26 31 32 1 99 93 47 64 88 71 3 16 77 32 65 9 45 47 
79 39 45 4 80 38 5 20 62 68 78 3 22 96 89 21 78 54 39 7 20 16 74 16 69 61 95 64 48 12 96 39 15 68 84 8 47 93 32 8 52 49 97 78 43 43 95 25 52 40 96 24 90 32 69 48 93 40 92 19 42 90 95 12 4 68 20 55 50 0 38 95 96 91 42 41 43 5 25 30 90 41 13 3 73 57 38 32 43 36 75 31 42 82 82 35 73 48 84 9 
59 89 28 41 70 19 62 48 87 22 47 80 11 26 11 13 17 67 37 23 7 18 29 11 10 30 24 67 66 4 49 12 69 86 9 34 66 13 8 99 65 38 24 84 17 50 81 0 2 14 13 9 49 10 10 12 41 44 42 64 7 83 27 86 11 28 67 91 28 73 41 3 6 65 40 13 23 23 24 94 45 46 3 34 21 88 81 69 58 73 19 42 72 23 37 94 83 83 22 91 
13 19 28 83 66 86 4 63 29 71 11 63 88 86 34 11 56 79 15 58 87 69 24 46 85 78 7 81 12 91 11 7 59 54 46 39 38 22 52 58 83 44 91 57 44 91 59 75 32 33 55 4 51 20 21 83 82 53 39 34 58 28 66 37 23 72 75 84 44 30 71 23 50 8 19 70 90 90 17 90 46 20 54 5 6 49 61 22 87 80 6 85 49 5 6 79 78 51 38 73 
6 31 10 69 72 51 24 42 68 44 77 85 79 93 8 76 40 17 52 58 68 71 27 14 77 8 44 25 6 56 32 74 78 92 40 76 46 15 10 19 52 24 63 79 57 28 80 38 73 89 31 47 14 25 56 42 98 51 15 57 13 38 28 68 46 44 58 13 48 26 16 99 85 65 86 88 90 53 46 97 94 30 54 9 91 32 57 4 36 27 44 57 50 3 71 46 65 86 84 15 
39 66 31 22 70 74 86 25 73 15 55 28 49 11 68 93 17 98 67 77 48 23 82 0 48 73 12 8 83 27 25 42 93 1 10 38 81 28 93 61 77 15 63 59 27 7 14 38 90 16 66 19 20 5 38 23 25 94 12 3 83 39 17 83 68 16 86 9 89 39 56 96 28 41 97 27 9 57 20 48 28 66 73 64 73 35 8 21 12 96 35 21 51 34 86 57 34 18 31 42 
94 91 22 27 65 33 30 43 9 10 40 56 57 79 45 60 92 82 79 90 89 95 24 37 66 59 45 40 17 1 92 58 68 35 88 40 76 19 6 35 76 14 85 53 95 45 85 97 63 82 68 83 20 97 92 60 8 32 69 9 52 11 21 20 75 28 49 26 97 78 8 8 23 89 21 95 69 34 98 77 36 11 6 14 49 24 94 20 57 7 19 63 59 45 83 68 19 63 19 26 
84 76 28 9 29 23 77 62 87 39 67 84 26 76 58 62 36 18 27 20 58 9 18 66 74 91 10 22 28 34 35 50 69 67 67 98 37 75 32 35 12 4 81 72 48 95 39 32 25 77 26 44 21 62 76 11 80 21 77 15 3 37 28 33 36 24 65 48 25 6 27 49 86 96 68 83 84 14 26 22 40 81 36 17 55 98 93 48 79 91 37 90 6 46 18 39 22 39 1 42 
36 48 93 41 32 33 99 28 13 22 50 95 58 36 41 14 69 16 99 60 18 48 77 99 98 27 83 29 37 91 32 72 42 69 19 70 59 53 50 4 79 7 68 7 33 29 64 84 5 85 7 88 30 89 30 43 76 26 24 54 82 46 17 14 51 41 80 92 53 13 75 46 94 97 92 43 70 35 5 21 0 45 59 38 61 98 0 65 98 49 36 63 70 22 93 85 3 3 81 27 
87 25 95 38 34 19 29 14 58 51 5 67 95 40 51 73 72 15 98 53 26 81 65 66 95 24 71 12 70 1 82 88 81 21 13 8 7 6 4 60 67 89 8 6 61 46 7 53 43 96 13 8 82 1 19 1 3 44 0 72 20 13 98 46 3 16 99 61 21 94 72 86 83 21 37 0 65 47 38 35 67 16 36 9 92 35 95 68 20 25 72 80 89 92 38 73 42 48 1 16 
84 87 74 19 72 30 53 23 45 94 80 66 54 76 67 76 11 1 49 93 88 69 50 68 81 90 65 98 60 75 8 34 33 29 9 19 20 62 92 62 68 8 26 26 62 24 84 14 95 96 92 66 34 22 43 76 97 62 4 80 43 38 48 53 74 95 70 39 58 75 93 82 2 81 96 88 29 96 65 98 95 16 61 38 62 57 94 25 67 38 66 39 89 69 88 95 76 3 5 26 
34 50 76 22 10 9 29 83 49 84 2 56 1 25 47 54 96 98 92 14 25 44 88 56 44 83 73 88 8 67 17 24 12 87 98 70 26 87 58 43 24 27 24 20 96 94 3 53 7 89 64 15 33 13 98 74 39 18 18 38 72 44 71 1 72 73 55 90 13 85 38 57 44 59 35 7 32 29 69 3 49 25 43 85 25 48 79 65 85 60 48 67 70 90 50 26 10 50 54 95 
0 37 50 76 76 26 78 72 25 4 44 68 93 92 41 55 91 23 8 26 76 54 62 7 64 32 35 90 66 8 72 36 81 20 97 80 40 97 73 88 24 64 16 73 24 56 5 69 29 45 84 20 91 60 97 96 56 68 25 50 4 28 64 14 17 10 8 46 4 28 46 33 43 93 98 69 40 42 60 16 98 57 96 67 86 61 1 24 41 64 45 89 64 42 23 72 68 18 35 40 
52 94 95 38 95 42 62 5 26 25 1 27 89 44 59 19 69 27 25 22 83 89 78 83 2 37 17 66 27 30 53 29 80 24 28 68 61 97 35 87 46 3 1 82 96 22 42 53 32 44 97 67 10 51 97 40 95 19 53 64 48 64 63 70 72 99 26 9 83 52 34 21 17 54 3 1 74 78 76 76 79 53 19 46 82 89 66 61 61 78 47 43 56 77 52 85 56 85 8 88 
38 32 70 39 33 52 96 89 79 38 78 57 99 82 32 27 27 21 4 9 42 27 57 26 8 61 5 89 80 38 7 41 39 69 40 31 8 47 39 21 99 96 60 22 94 47 19 86 69 25 24 72 20 98 76 49 55 44 25 26 4 0 91 89 57 30 4 55 68 83 97 90 23 81 53 65 85 47 70 12 0 54 93 71 33 75 11 25 52 25 9 65 73 62 35 23 67 53 73 27 
91 54 14 30 1 61 50 38 40 36 81 8 76 32 40 53 99 30 40 76 17 74 40 9 45 7 24 51 75 76 20 89 4 74 69 56 18 72 30 20 8 88 57 51 53 15 12 90 52 86 79 41 69 93 99 50 62 32 17 57 20 44 40 15 78 13 19 89 26 22 2 87 23 28 42 63 52 30 86 22 7 88 57 97 24 27 50 45 14 61 11 70 38 69 85 4 39 89 27 3 
42 18 25 75 67 72 23 15 59 78 58 78 96 68 5 6 97 84 20 45 75 29 46 65 33 67 33 53 94 11 62 9 80 9 56 48 71 51 93 52 27 59 83 86 31 74 33 3 70 79 58 94 67 66 69 95 73 25 50 17 95 70 3 35 54 75 3 35 78 51 51 0 41 77 42 64 44 9 86 69 58 66 67 1 60 50 32 87 26 65 60 48 82 16 67 18 10 4 69 56 
54 46 38 58 52 72 70 62 79 67 86 99 6 95 80 33 73 46 64 85 92 45 80 27 7 47 82 5 94 83 78 93 42 93 1 78 75 56 60 91 28 86 65 29 24 91 17 54 10 74 1 9 35 62 82 92 70 16 43 92 84 38 80 56 34 72 65 48 24 40 31 55 71 67 23 75 57 14 89 21 55 6 50 56 55 80 93 49 91 63 26 15 90 31 48 84 74 14 90 9 
82 9 92 23 64 22 71 66 81 27 96 20 72 34 96 69 80 66 38 94 34 80 44 59 87 59 13 78 18 5 47 41 93 83 6 86 47 23 25 5 73 64 67 34 13 1 94 69 75 94 24 86 84 47 53 52 51 58 29 65 74 83 80 70 36 18 67 37 81 57 14 12 3 27 50 4 74 72 77 22 30 2 88 77 3 95 49 64 86 32 40 37 30 73 6 34 57 6 84 58 
32 1 34 80 80 57 52 0 3 67 81 38 11 71 53 83 5 9 30 49 68 20 51 42 90 51 85 84 63 10 31 63 26 16 24 16 77 94 38 21 96 90 53 73 72 45 72 49 84 97 43 2 33 36 86 29 10 17 49 81 30 96 68 92 97 15 33 72 97 86 95 27 30 29 77 25 75 11 16 10 54 47 38 95 17 58 96 37 59 18 69 95 35 66 46 79 31 37 80 77 
75 12 36 7 99 31 83 76 75 87 19 66 5 39 72 81 92 71 22 2 87 96 61 12 80 56 78 22 30 1 94 38 49 26 65 76 12 57 36 45 95 31 98 14 83 68 76 91 58 94 63 89 28 37 46 28 74 12 28 81 44 46 42 75 18 50 41 46 62 59 79 69 57 36 67 72 11 23 90 66 84 85 72 89 64 86 84 82 53 77 19 38 72 69 69 85 18 41 48 90 
87 41 58 59 16 66 62 27 28 5 28 24 0 34 64 54 97 7 46 26 22 30 35 79 30 50 23 42 45 59 96 75 13 23 97 7 56 85 10 56 92 3 39 63 8 74 76 1 69 15 72 88 83 92 13 43 46 57 63 69 66 71 14 29 11 84 93 13 65 96 28 1 74 64 90 95 2 1 68 37 14 80 16 45 70 15 49 3 0 74 17 95 44 42 93 77 0 86 50 94 
91 73 24 61 94 51 79 70 48 87 91 2 43 56 32 16 17 91 30 90 56 76 27 98 8 45 47 70 18 43 43 5 86 90 61 1 56 11 14 90 72 36 53 29 16 56 52 97 90 79 33 32 22 56 71 65 19 86 12 20 84 92 60 19 30 92 31 43 76 49 80 31 4 23 88 9 76 72 17 64 88 77 25 49 58 26 33 60 5 74 49 71 30 89 27 15 7 63 79 42 
59 21 65 47 3 26 85 66 49 19 71 38 74 19 31 26 40 54 42 32 26 56 46 24 76 41 41 53 62 18 9 11 83 3 68 4 29 95 59 16 10 35 1 51 78 6 3 74 92 92 33 32 39 50 42 10 18 77 45 69 41 83 48 92 17 90 26 49 37 78 12 4 16 38 99 45 95 78 76 65 55 43 79 29 2 74 37 22 72 78 85 16 22 44 49 88 74 32 50 3 
21 33 8 5 37 73 70 10 85 46 82 68 15 37 32 33 73 85 57 47 2 46 49 17 47 98 20 99 16 31 61 1 68 83 32 52 62 64 54 77 8 88 10 78 45 48 11 70 70 7 15 33 52 33 66 80 94 9 92 50 24 40 19 87 66 55 28 39 63 95 67 59 24 86 36 19 66 9 81 40 51 4 50 56 19 17 40 54 37 77 25 96 59 35 23 53 4 78 27 28 
24 97 63 42 57 93 31 44 45 39 13 21 34 7 56 57 45 89 46 34 50 5 64 53 96 12 13 68 32 88 89 35 82 60 77 65 96 97 52 64 65 76 52 7 5 86 21 67 56 96 69 60 72 34 17 66 62 50 6 43 3 89 28 74 51 90 43 1 63 90 19 55 64 42 81 65 83 11 54 14 94 39 0 48 74 8 75 6 99 50 90 39 33 84 50 87 33 12 74 76 
79 67 35 22 21 19 29 76 16 23 23 55 17 38 4 63 62 39 27 41 62 68 96 90 75 19 83 78 42 74 21 93 33 58 68 28 36 33 96 31 88 1 87 73 63 32 21 45 71 43 48 99 59 44 93 78 7 72 16 77 76 75 12 96 75 65 71 97 88 36 53 2 79 27 27 80 90 15 30 44 37 40 39 5 10 70 25 63 79 92 24 46 14 69 13 78 59 25 92 53 
75 66 17 69 37 15 14 17 65 97 51 94 60 17 91 42 87 93 11 79 69 99 77 37 83 94 98 6 31 45 66 9 40 77 7 93 6 91 81 51 43 47 81 34 40 35 53 91 42 83 7 12 91 48 32 0 65 75 15 64 45 71 54 44 12 83 88 77 34 73 47 14 94 49 52 84 10 22 65 91 43 54 50 21 88 65 39 45 83 60 53 9 48 13 39 63 33 42 63 6 
29 57 57 62 33 75 75 9 0 78 22 46 74 83 44 11 3 44 38 11 13 44 75 11 51 25 98 65 28 7 73 70 35 73 47 16 96 17 31 20 39 35 77 20 3 62 4 97 46 50 60 67 79 81 51 53 4 89 31 78 37 45 5 12 61 88 8 55 63 86 79 70 59 32 9 38 11 34 83 75 24 51 58 71 57 9 22 28 50 97 57 26 53 46 17 81 13 37 57 92 
66 15 16 89 53 10 87 55 28 1 12 18 45 51 12 82 99 53 10 74 33 43 92 58 78 52 6 71 65 93 1 26 85 20 14 91 47 81 66 83 35 13 24 9 81 25 89 17 14 89 39 6 97 22 41 21 1 24 14 89 87 32 5 25 17 5 16 64 3 93 67 35 61 43 98 44 36 18 17 22 84 49 73 21 18 97 64 23 59 78 85 87 53 34 88 49 72 30 10 6 
75 94 94 14 16 15 83 31 14 74 14 72 82 84 86 21 68 73 12 65 38 14 42 93 29 78 99 19 11 70 58 31 57 39 46 52 62 40 71 55 51 13 17 67 24 64 93 61 55 54 98 10 4 55 78 84 21 17 73 50 43 22 89 94 4 85 75 46 74 84 25 11 84 87 61 8 79 79 80 66 20 15 86 50 44 75 97 44 96 76 4 22 26 70 50 96 4 93 63 83 
7 97 86 75 11 20 67 50 29 38 44 46 29 2 35 6 54 0 6 3 86 8 41 8 2 18 51 84 45 56 43 79 7 16 33 0 65 3 82 13 72 41 84 16 23 61 89 56 49 79 57 71 91 44 94 39 25 22 84 46 78 9 78 15 93 65 87 85 47 1 8 14 55 99 44 40 71 77 25 47 27 12 71 67 75 47 27 47 69 57 46 55 57 55 82 29 69 88 7 70 
51 46 73 28 41 54 10 95 39 6 3 80 35 18 16 24 2 52 63 21 21 21 73 53 34 65 99 24 59 48 62 44 11 6 94 59 44 24 4 64 61 36 10 21 1 71 95 17 68 28 83 12 17 60 44 3 55 16 58 29 63 95 28 38 17 21 83 8 23 86 90 79 72 63 55 65 33 65 53 34 1 51 91 0 40 79 7 38 5 52 51 2 33 99 20 96 35 98 35 65 
54 36 41 17 67 14 41 33 28 45 45 7 29 97 14 61 96 66 60 76 64 89 89 62 5 49 62 7 24 50 43 57 97 21 4 29 12 26 93 39 92 11 64 49 76 78 36 64 64 28 32 40 80 79 76 21 28 20 52 70 40 57 18 97 60 79 65 15 70 67 59 65 82 14 78 47 71 45 2 72 12 62 98 34 30 41 74 92 32 10 59 29 11 7 33 99 99 96 49 83 
1 9 78 83 6 96 26 1 0 84 76 46 88 49 4 11 60 68 0 42 66 65 98 9 24 52 84 2 86 13 26 58 1 64 82 59 85 79 60 24 57 17 17 5 21 23 74 94 80 88 97 72 27 91 51 40 5 15 22 6 77 58 72 71 62 75 25 91 25 44 2 71 60 37 6 65 89 4 1 91 32 97 31 72 93 6 14 72 74 26 55 76 8 79 35 67 76 59 16 35 
44 55 13 46 67 39 46 2 89 34 57 51 58 31 58 64 94 18 88 61 49 47 20 35 32 43 37 33 35 68 94 41 12 96 68 26 60 57 34 89 97 40 17 1 32 57 27 99 4 25 45 42 19 79 73 68 83 72 77 5 27 58 48 59 15 7 8 70 97 57 90 25 6 69 98 49 60 85 42 54 49 6 68 27 68 25 61 89 79 4 25 27 76 53 65 97 84 43 88 46 
25 44 57 2 90 54 59 12 13 89 30 68 40 28 78 8 80 59 25 40 86 32 94 24 71 81 83 89 3 49 98 3 28 62 36 13 75 15 65 53 63 50 80 41 97 12 6 22 72 23 93 93 18 72 99 63 94 73 2 1 35 57 38 63 22 87 18 41 99 59 87 12 78 83 67 2 28 66 89 84 58 31 20 42 41 87 36 24 3 98 75 92 62 51 17 1 55 99 83 30 
84 12 42 41 94 10 24 6 21 17 70 18 20 97 14 49 33 99 39 32 12 92 50 51 15 98 83 26 75 17 9 89 1 20 14 73 11 17 11 41 12 11 2 29 36 41 12 69 57 46 14 22 7 63 62 25 2 24 55 36 26 94 22 85 70 80 98 79 97 65 7 83 21 14 8 32 20 85 38 51 89 21 9 10 70 54 72 58 87 71 98 34 88 22 42 14 59 48 95 48 
84 82 20 9 52 15 90 55 15 87 75 70 24 68 81 21 15 15 31 54 11 36 48 68 37 93 50 68 51 60 16 10 36 32 79 22 85 50 53 35 64 45 64 34 36 86 57 90 25 92 80 50 0 67 47 99 17 71 46 68 16 76 10 43 50 51 72 51 24 47 11 55 45 53 0 8 84 61 43 1 44 6 87 37 27 68 14 34 69 87 89 93 1 39 32 67 20 10 74 54 
81 18 20 11 97 48 72 54 9 31 12 46 84 81 39 39 48 94 7 90 99 15 95 20 39 14 15 12 75 50 90 53 89 62 7 7 60 1 60 30 97 53 86 98 89 8 85 41 72 86 91 93 17 89 6 84 40 21 31 92 44 83 75 96 94 96 9 96 42 86 63 20 21 39 89 4 3 85 60 54 17 9 73 85 57 22 19 53 69 96 23 27 49 89 82 25 58 28 2 73 
79 13 9 35 1 53 53 29 34 42 60 54 21 41 66 17 61 57 89 19 70 63 11 51 52 84 51 14 91 46 69 79 75 63 15 51 73 78 84 8 90 16 71 42 2 18 57 18 95 44 94 3 4 33 57 42 8 23 77 27 55 98 34 97 34 52 89 68 90 52 97 61 11 11 3 13 62 62 75 63 97 69 38 56 45 3 94 24 72 64 49 58 25 47 99 59 57 36 62 87 
82 65 78 80 69 71 20 95 84 47 87 4 34 85 14 22 54 89 29 95 34 97 46 97 92 43 65 5 78 2 23 95 3 94 24 10 69 71 83 5 67 66 38 38 74 52 6 6 4 95 12 5 49 87 37 27 98 92 47 56 62 44 51 16 15 3 2 66 13 61 3 94 93 67 76 8 81 62 57 11 18 45 31 41 1 65 49 93 30 14 98 75 10 92 83 63 0 39 88 44 
38 91 22 34 93 18 92 66 87 83 64 29 67 46 51 8 10 5 99 70 28 91 81 6 16 11 47 79 21 40 68 21 45 50 65 66 79 39 50 76 88 78 82 21 5 96 40 85 60 73 94 58 44 18 62 70 14 37 26 68 21 28 64 48 69 25 22 52 79 1 24 51 48 88 60 1 3 77 45 64 67 83 67 53 82 10 49 30 62 9 65 30 98 12 8 89 41 82 69 22 
37 33 23 10 95 85 1 20 13 90 14 13 47 45 74 48 94 4 59 98 58 69 27 58 59 88 5 21 59 79 42 32 13 47 70 86 21 13 66 83 67 59 77 17 81 39 94 26 48 56 16 95 93 95 69 75 64 3 34 95 22 54 96 29 84 43 23 89 22 84 75 60 85 91 31 99 15 87 64 4 93 10 83 87 59 68 6 98 53 95 17 79 57 73 15 25 4 5 82 9 
55 49 35 50 63 47 51 63 62 7 79 89 59 93 33 21 16 40 75 38 18 82 79 81 62 76 40 92 14 40 92 14 10 61 47 78 17 12 83 62 67 25 56 85 63 55 9 50 52 67 3 35 63 73 22 58 96 9 99 35 39 74 33 47 77 9 34 62 11 16 83 19 72 35 70 24 34 98 64 76 91 36 79 89 77 64 54 41 19 82 47 45 45 17 96 64 78 18 45 21 
89 15 12 6 55 1 90 99 50 43 26 46 53 44 11 65 30 35 26 75 91 77 29 82 90 2 42 1 35 51 83 96 47 51 42 44 22 57 71 97 41 66 94 49 26 88 98 18 7 85 59 15 1 48 48 31 72 81 10 38 98 7 45 61 30 83 80 56 15 74 27 34 49 95 8 19 30 34 33 37 44 4 17 29 39 80 61 39 13 89 77 32 57 21 83 79 28 58 11 18 
41 23 63 22 0 41 85 38 49 18 63 32 58 30 39 29 62 68 87 46 12 19 30 19 27 30 8 46 51 77 94 15 36 17 73 34 1 77 81 98 67 82 61 13 47 24 1 72 90 6 31 89 48 16 94 45 92 10 20 87 89 92 26 6 71 0 13 70 44 19 23 34 69 0 22 84 29 98 57 25 12 24 61 66 91 10 69 4 0 73 12 49 16 78 14 35 16 24 22 24 
0 11 84 26 33 53 99 75 99 87 0 36 10 91 96 72 20 49 94 31 35 31 64 12 50 93 71 86 42 4 5 86 91 45 39 2 9 89 72 48 4 9 29 62 38 11 16 24 95 7 86 75 41 3 51 17 1 83 85 56 13 34 50 43 56 0 41 99 75 96 40 54 6 2 85 6 46 92 59 72 64 38 32 62 66 42 34 98 84 81 15 88 97 36 40 40 79 46 82 63 
