94 94 22 48 6 58 95 24 14 25 36 89 68 60 95 89 72 16 31 4 22 1 47 96 67 22 49 68 50 50 66 38 76 14 14 23 60 43 75 82 61 43 63 15 80 47 25 5 70 68 
91 89 62 59 14 38 31 33 45 90 1 26 33 94 44 24 92 9 37 80 79 1 40 9 70 43 61 4 57 56 23 50 46 3 41 63 84 49 27 63 62 34 61 0 52 78 15 0 86 8 
61 83 86 29 55 90 10 5 39 1 39 18 21 46 32 1 52 63 66 25 87 10 76 37 75 90 49 65 87 37 33 31 23 5 69 79 66 39 11 46 42 42 10 31 5 63 88 84 17 13 
92 94 27 52 66 13 53 22 44 91 73 85 80 35 49 97 56 90 45 69 72 85 34 41 66 32 64 95 98 26 93 66 53 41 43 58 88 24 72 58 13 24 74 78 45 19 26 21 98 31 
12 1 38 22 71 73 96 48 68 16 51 89 37 18 98 17 48 16 3 10 45 59 87 89 96 73 88 63 42 35 39 97 71 54 56 1 81 21 12 35 71 95 11 73 68 29 62 30 68 33 
47 17 75 28 22 73 73 42 42 23 54 36 12 12 75 95 15 79 20 38 49 14 7 47 81 88 73 98 78 21 16 3 99 43 5 35 67 60 43 48 83 68 44 92 9 28 58 75 15 23 
12 80 32 64 30 46 6 60 38 95 62 53 17 72 40 27 9 18 62 26 36 5 58 13 65 7 77 94 5 3 91 45 45 2 13 93 71 14 6 60 46 22 93 23 13 9 97 86 90 90 
98 12 91 15 23 15 33 52 57 17 49 71 87 2 76 70 31 6 13 64 72 33 17 56 71 85 94 66 67 51 52 95 32 86 0 31 8 8 69 5 9 33 37 95 93 61 23 78 50 97 
90 24 36 38 63 9 22 57 98 15 57 94 99 85 3 6 66 93 82 10 15 44 87 75 0 71 98 71 72 63 59 29 13 14 75 79 99 92 91 18 83 51 12 68 99 43 48 98 79 29 
92 13 57 54 70 2 52 54 37 86 41 61 6 55 46 2 69 36 76 91 89 9 20 52 88 3 52 27 58 13 78 18 52 51 5 51 24 34 88 49 83 12 16 80 26 57 1 79 5 38 
3 28 9 65 93 16 12 42 94 27 46 32 47 62 90 10 73 58 10 55 83 48 19 28 75 96 12 78 70 55 48 20 25 24 74 14 37 32 85 70 53 40 20 25 55 79 39 82 71 69 
75 74 67 99 67 27 4 24 83 91 97 24 65 67 86 7 94 17 6 67 82 85 97 30 75 67 20 42 71 37 9 10 60 98 15 30 87 80 14 13 12 94 43 38 1 5 30 8 69 57 
31 51 88 98 55 0 32 51 39 43 1 61 30 14 28 28 83 28 52 67 53 83 35 17 78 31 40 41 66 25 29 50 96 26 58 93 89 20 2 39 64 61 50 13 42 81 68 23 79 98 
38 17 32 58 71 84 27 94 41 56 32 28 87 4 97 58 57 7 92 32 86 14 92 29 45 2 17 83 23 7 92 65 96 33 61 62 36 10 63 34 68 80 69 58 85 92 83 97 25 15 
61 13 43 28 1 0 91 75 95 27 98 32 92 38 19 31 19 26 0 7 72 12 95 20 50 55 87 9 48 47 5 37 86 11 22 22 89 76 64 64 48 90 85 43 0 84 70 39 79 47 
24 51 92 12 35 60 78 99 49 51 69 2 49 10 93 9 99 35 98 18 79 73 12 21 67 15 20 18 26 30 83 29 63 10 41 34 43 96 56 5 14 39 42 36 86 77 5 29 69 99 
90 69 96 91 91 2 85 16 69 11 31 55 36 76 54 13 89 33 45 37 54 59 86 56 44 47 16 94 45 25 20 43 39 95 44 45 86 53 38 79 13 20 40 75 78 64 36 88 83 83 
45 35 39 15 26 46 29 85 15 30 35 58 98 22 39 78 99 11 63 64 47 59 70 89 49 64 81 5 31 85 90 46 84 52 79 98 18 82 43 19 61 95 30 60 72 84 29 91 4 42 
23 61 59 44 70 82 60 40 82 10 19 86 60 67 45 98 38 3 37 31 5 40 81 16 14 95 37 77 97 90 48 69 99 41 11 83 63 79 46 67 15 0 73 66 56 13 22 60 80 60 
48 89 86 58 69 26 39 30 75 74 83 19 91 68 53 4 63 51 44 51 30 83 82 63 57 66 22 42 76 3 5 71 6 13 44 35 61 75 25 43 26 10 39 73 68 92 83 50 66 20 
56 87 29 78 17 87 54 81 22 89 45 70 73 6 92 54 46 52 39 18 20 72 91 14 37 5 87 8 15 19 97 55 29 63 14 16 86 67 45 39 32 49 45 81 80 39 9 92 12 13 
84 28 40 30 26 77 93 16 97 24 47 86 19 51 6 75 87 3 88 33 61 96 12 35 92 36 86 78 86 36 41 6 90 15 65 65 42 51 43 96 58 65 70 96 25 96 79 71 28 93 
19 19 95 69 39 79 49 12 51 73 43 20 19 6 89 77 44 96 75 52 35 53 29 94 44 97 26 38 88 18 90 21 74 94 31 1 67 0 48 32 68 39 19 79 77 75 57 50 87 77 
91 53 70 17 19 23 60 9 63 94 25 5 1 28 51 98 40 1 37 72 98 96 91 95 83 34 64 27 73 48 8 34 35 93 94 70 3 77 40 84 27 99 94 9 96 1 77 74 18 99 
74 85 83 17 46 30 90 7 74 31 57 65 13 92 22 68 37 49 70 54 43 14 75 90 51 87 48 76 76 0 23 93 12 52 90 82 19 4 89 49 88 7 74 9 16 51 82 7 77 6 
43 69 21 58 47 61 33 22 40 93 76 26 28 43 5 5 84 27 68 13 19 0 34 62 60 94 87 42 3 97 44 85 59 43 63 81 10 71 90 49 97 13 33 37 40 95 23 28 0 33 
75 20 73 1 57 58 22 82 4 39 70 86 12 14 58 14 19 51 89 73 59 19 15 99 72 89 81 35 52 24 87 23 30 62 74 83 47 41 81 81 38 12 19 87 43 4 87 25 10 4 
99 45 25 41 65 32 79 6 71 34 54 55 92 33 48 12 63 42 14 12 60 73 60 6 77 39 76 61 71 4 52 79 45 98 18 75 23 34 11 83 15 97 51 27 12 76 45 76 76 67 
80 23 56 88 76 1 33 74 2 35 37 20 30 86 90 0 88 1 79 75 21 18 44 55 70 73 11 78 73 98 68 73 55 14 44 1 53 45 62 21 95 35 22 20 22 39 87 84 66 83 
22 67 27 45 84 0 27 77 96 10 12 28 92 76 57 44 37 97 95 26 65 70 42 20 5 64 78 51 48 8 63 76 55 0 83 69 76 21 50 74 83 85 74 48 83 13 92 95 55 39 
2 63 34 8 47 72 3 21 44 78 40 95 77 85 15 12 35 29 58 96 19 90 94 97 7 79 42 55 47 29 57 35 74 85 48 12 62 89 76 42 66 71 87 58 83 2 21 51 37 71 
58 8 26 99 55 85 55 46 53 30 90 35 48 73 44 52 15 92 91 24 23 19 87 60 7 11 9 7 27 7 68 41 28 90 15 66 6 29 62 6 95 63 37 48 35 50 74 64 64 47 
83 53 49 57 18 71 73 57 31 64 93 18 7 89 6 80 78 39 88 26 4 94 68 40 24 30 3 9 97 20 83 77 4 64 69 7 1 69 48 97 5 92 60 99 4 33 27 69 56 54 
20 79 58 4 1 44 31 91 39 38 5 94 15 75 71 73 71 61 11 22 54 26 39 28 36 11 2 97 81 81 71 98 27 73 94 78 10 48 58 29 76 70 31 92 29 92 80 43 85 95 
20 33 35 0 21 33 4 25 13 43 81 1 96 84 41 2 90 50 66 90 49 62 54 80 97 27 16 13 12 27 45 58 36 80 60 3 91 80 93 89 77 29 30 8 20 36 1 8 80 33 
2 69 36 26 48 24 65 11 61 76 61 97 27 13 63 37 57 84 33 4 66 99 6 25 56 74 9 6 88 75 70 2 73 45 63 15 78 3 94 28 4 23 41 77 16 33 37 85 41 46 
20 20 64 60 40 97 81 4 53 94 21 97 30 11 24 39 23 3 73 60 3 65 40 53 43 47 4 37 62 8 21 61 66 67 67 23 19 18 79 93 19 88 97 16 30 6 59 2 26 24 
33 87 54 47 58 27 10 34 86 89 39 94 60 94 8 66 30 49 48 27 82 33 54 95 15 19 37 80 37 10 30 24 65 85 98 66 5 32 0 27 71 61 2 31 83 0 27 29 45 80 
65 6 15 77 28 8 88 71 51 89 42 4 41 76 18 97 91 18 82 20 88 94 70 10 84 78 33 99 90 52 17 66 7 1 94 40 20 11 96 43 36 61 84 51 17 67 48 83 85 71 
48 36 94 59 4 31 50 0 83 76 8 51 90 71 11 29 22 30 94 36 98 91 60 60 92 11 97 43 18 11 0 93 56 87 26 66 0 0 98 29 25 38 47 29 11 69 75 46 63 51 
30 3 91 47 83 53 25 45 32 98 32 62 84 55 45 41 68 79 27 6 58 33 78 57 50 75 73 14 69 76 71 4 24 51 14 20 37 45 61 68 28 81 67 59 89 66 16 26 92 81 
93 12 56 84 82 98 12 65 40 2 92 11 19 48 84 41 12 65 50 44 4 60 4 28 11 75 31 74 89 3 14 73 81 30 90 25 7 88 43 27 83 75 7 14 14 72 38 85 72 15 
14 58 15 98 92 95 19 88 22 27 79 55 38 47 79 49 19 1 38 51 70 77 50 87 48 54 10 58 62 51 87 44 89 35 81 16 44 90 92 92 78 41 87 31 44 11 88 99 35 92 
94 67 65 50 26 37 74 99 23 53 45 23 93 47 36 90 44 12 24 40 6 27 44 71 44 37 33 60 44 27 62 18 41 85 52 67 39 2 17 57 62 94 61 40 29 85 9 77 69 46 
80 94 72 72 62 10 99 47 51 80 59 22 23 67 11 76 72 37 56 69 1 36 55 83 99 96 11 72 34 86 15 5 76 20 78 55 46 50 27 93 27 1 51 86 8 26 21 9 43 85 
54 38 22 15 89 83 96 33 64 99 97 74 27 37 92 6 89 48 70 91 97 29 10 80 15 62 73 61 15 10 38 94 80 21 36 43 77 82 6 84 16 66 20 4 80 18 89 92 73 36 
76 65 65 49 58 61 17 43 4 98 60 41 41 99 59 71 3 40 54 37 31 68 6 53 89 10 68 21 77 5 73 77 70 75 10 1 17 35 65 27 86 74 12 86 21 19 87 59 11 94 
13 23 90 55 43 85 90 90 75 45 81 26 6 82 26 31 4 27 78 52 41 32 71 88 89 23 96 27 35 94 84 29 69 84 14 71 15 30 42 53 14 18 78 55 31 64 15 39 44 1 
80 78 66 82 11 86 61 30 64 83 47 34 43 40 99 56 21 57 13 2 61 71 53 29 90 12 13 89 9 80 14 90 17 2 39 44 55 38 56 11 7 3 44 81 74 93 99 72 42 81 
37 59 27 56 47 97 91 37 91 96 76 5 26 23 28 32 93 34 17 62 31 28 91 83 18 47 63 22 24 55 57 91 28 40 92 24 81 98 4 21 78 38 84 32 78 23 33 92 43 44 
