151249 134780 148436 142325 147428 136698 134243 140378 149681 150335 154575 143703 145343 155472 147564 128972 158497 116917 152302 121411 143333 148376 155170 158247 159460 159016 141487 146988 168383 111356 154923 147204 157334 141394 151826 128539 134141 141967 157670 153926 160076 159357 139842 156638 140495 146186 152784 175771 157645 169508 
152451 142289 151921 141241 125144 138577 137449 128290 141014 155481 140957 128519 129418 142774 146581 133086 152561 104962 129641 115600 136384 136074 142980 136809 160692 139388 123983 140408 164861 109367 132770 131505 152612 123011 136154 123169 134379 133758 129159 144066 133295 152133 133350 136979 119319 141732 136900 149342 154706 150505 
141614 125937 139342 135020 140590 126882 144290 114103 144471 147827 130671 136234 123990 139992 133438 116340 150134 105922 149881 116787 133743 132433 139081 146058 143750 137378 126681 142187 148054 90515 130772 137463 142264 118680 138603 117230 131433 120153 137947 140600 132526 130254 128103 127247 131337 115224 131536 145581 151448 137898 
141423 130825 154390 128021 124991 135629 135579 121109 147944 136519 138854 117836 128587 128430 135223 113618 148735 103563 138422 116885 134940 142606 143419 149058 157299 144852 136409 138946 146799 104484 125310 147253 139797 123586 144805 126947 128956 134601 130470 135138 131569 137190 129302 133350 130624 139698 137342 156025 145793 144492 
123605 109096 123143 105326 109822 110890 109916 99990 110681 123463 105496 111192 100202 115558 122332 113450 118002 96986 115349 97463 117024 108647 110499 120799 132251 118078 109482 120675 135838 86155 117877 102317 129366 111144 113419 103547 98128 98746 117178 119674 118720 123635 104881 119318 101635 114659 115978 131727 119146 125316 
108578 100166 126128 112731 102818 110054 118546 103726 128524 127866 116345 106578 103496 100941 123551 104544 124294 89967 116058 97742 123637 119085 120141 115552 139372 123669 108021 122619 134679 89945 112702 116571 127314 110121 116512 94891 109677 96717 121379 102037 115430 124226 113192 124933 102473 118614 125652 135124 122051 130670 
132299 122959 136008 106428 105104 109430 114892 99239 120981 129558 114268 129625 115699 125183 113393 111934 121523 95181 111514 91399 114093 96803 129510 128149 135154 124631 127184 125066 135769 92176 120458 112522 128051 118105 102038 112421 114677 105959 122307 115655 121538 115681 108180 128140 107931 113328 104256 119199 131212 128677 
134086 125005 142949 129277 125590 138283 135773 129531 141504 149997 135174 137994 127877 139532 142363 117518 136333 107987 134872 110352 138654 120868 141345 145991 154980 142822 139521 139989 143514 112595 139167 137444 151593 131729 127874 129731 121550 123296 143001 135720 140873 144486 130497 136446 125260 136127 135289 147663 145673 143034 
153736 145639 156698 141159 139514 136729 150328 127158 153915 147992 140757 142140 137939 153585 143510 121787 163036 104866 145161 119294 149308 141517 155215 144676 170990 147256 138788 159289 161787 111118 136122 154825 154572 116164 145948 136695 140429 135173 145446 153590 138201 141164 148056 138378 130195 153993 150817 155552 171518 162619 
142887 118687 129095 124433 115624 116905 128657 121557 129968 141924 134574 112865 119536 119514 127308 116651 141090 98271 132509 98386 131783 122056 132998 128000 144435 127515 122902 123879 141234 95318 128961 121261 128965 114512 129899 122036 109741 114400 125595 126640 125092 135878 120776 130181 116943 133638 125008 150083 130212 132750 
120791 103945 118100 97506 96326 107469 110608 91568 115298 106168 100204 113853 104322 111186 112033 97897 110131 91132 108794 80517 108255 93782 108066 111492 125319 111403 115113 114679 124354 80029 103779 111914 111461 100258 104070 105444 97184 90950 118250 112157 113955 112733 100993 109785 98993 116140 115546 112842 116088 103493 
142118 122127 140617 136450 127264 120318 127192 118894 140494 128511 136577 120136 118409 129389 126543 105988 139599 96329 138747 111876 129866 131032 131922 133383 150820 124170 121494 137849 143779 94540 135574 123888 138790 119107 128510 121012 124516 114882 128138 130009 118622 117194 122527 131575 114401 131655 121746 147391 150082 140937 
107727 105727 119233 108920 109086 120384 118032 107138 119947 131388 125573 113078 112507 116430 109214 96122 123540 91179 130866 104281 103210 114817 128430 124875 123208 121361 108357 111937 124050 87294 126178 120162 122779 119245 113625 101664 106974 108833 129419 125496 110511 113695 118823 122516 102540 114709 107153 125781 123259 106361 
114013 115560 129934 120145 117693 124774 109974 110878 114071 121245 118573 113034 111748 113587 130715 101620 122142 88987 127356 95956 113133 119375 120300 124187 131664 114040 101236 120787 128209 88124 129431 117690 134623 116614 118456 106246 108254 109187 124011 119683 119556 118128 114642 114598 115882 121989 119076 135760 128355 134859 
134422 132488 136607 119569 131840 118380 127146 121414 142134 140970 137541 127716 125025 115234 134891 108398 143283 100622 130111 113312 139730 119821 136157 136390 142419 140800 130117 137928 139195 98570 132775 127701 144551 111196 134780 130818 141308 119444 121059 128291 124965 129945 126232 130680 125223 119638 136664 155562 137819 133000 
151317 128468 145158 134922 127068 131421 141023 123155 141898 136584 143017 121112 126510 133778 133616 113400 139460 97518 138807 111017 132565 133569 149005 147200 156402 142602 129383 135532 146066 113024 133624 138268 140371 129501 139206 125010 123660 125602 149667 136957 128048 131660 134620 130158 120610 136988 129558 164366 140454 140785 
118788 112385 119273 115922 123349 108717 104475 103420 120874 124763 116088 114948 120850 123147 124187 94078 129791 96346 126760 98155 113873 118085 120762 117675 124544 122795 105353 125765 135991 84898 123426 122956 121669 101588 122467 101553 117713 107353 128777 123913 119198 116453 112442 109950 114438 115525 116631 137060 138942 119550 
158359 144682 157355 153811 152758 132737 128823 136429 149088 160637 149052 126814 142196 150003 149709 113815 162610 115427 157549 124200 148613 141618 153362 139245 156082 150525 142069 140150 163257 108169 152956 148816 155126 130027 139077 137965 138456 141422 147727 140583 145889 145148 137032 140748 131384 147241 145356 173225 160816 153992 
146528 133647 137224 145643 127637 130381 137760 122038 138091 148602 141388 121378 124458 136015 138660 119905 152913 95787 132542 117598 127783 133669 145322 130017 161944 144689 121438 139761 152884 108040 128869 137249 151829 122265 137170 113266 141616 126545 142176 143114 139031 138994 135057 133699 107514 133572 126910 150913 148628 140679 
142949 123610 147365 133798 121078 125229 131320 115504 146831 144793 138375 132496 138051 143483 125974 112686 138626 110505 139254 115077 130126 141651 147474 140385 146774 130568 132090 132749 151562 95895 126680 140671 137079 135076 127876 113794 130641 123575 145800 126748 130380 135482 127217 136458 125590 135792 121670 146743 155927 136971 
140121 128173 140046 128888 122182 114423 126692 126897 132823 139842 131734 122137 137579 135385 140438 111782 133668 99747 128888 102774 129339 128447 143047 131626 145990 118887 125359 129390 136591 93509 132355 132014 139220 117195 117323 116580 129921 119518 128785 125055 130433 135852 128384 127245 126712 128379 131172 153403 147917 147180 
143702 124691 134580 132245 130586 116967 139849 125012 140790 140423 138264 117897 120702 126159 133905 116334 135093 88385 131323 107582 133937 126214 141165 131925 150082 127211 125985 144106 136559 92644 123436 139046 142092 113950 131470 122736 116588 121560 126044 131406 125343 126614 130041 126747 120666 125474 130603 156456 139104 141245 
148590 120819 127838 125096 114571 115513 125572 116378 117396 141035 132831 117447 124961 125292 124708 110012 131708 90080 123416 109070 124949 112061 125394 132413 146432 118914 124769 120960 131990 92084 127659 134810 124638 120010 113828 115289 110295 108561 128194 131206 118333 126728 118312 120268 109048 123146 120463 135443 131761 128548 
136839 131553 127493 124233 116011 117085 132062 105940 138407 136552 135482 115620 115607 137868 118642 100437 136900 95015 132010 101170 126273 120293 137698 127915 135380 120231 125070 113681 130226 91063 114743 124027 131883 113729 118486 114758 117504 124889 120872 130571 117919 125622 119913 115136 109619 115952 115091 133510 131419 120832 
128283 117074 145399 119381 117238 128796 129983 115728 127023 131838 131099 120589 118450 118124 129882 110262 130785 99262 132288 105563 125268 131290 129208 138805 142456 129228 118751 116188 132696 89622 124181 117755 135609 125033 118949 109878 119644 116710 123499 126405 113579 129551 114327 133388 112948 116021 120779 140831 127732 128617 
116057 106225 114714 112344 105985 110220 101973 93997 108295 124461 115710 101977 92581 104543 117827 83116 115542 83969 105643 83883 102976 101747 108208 102066 123778 111935 110432 102313 116172 90081 112124 111885 114735 94216 95709 90058 110518 102708 108781 97514 101922 98540 96575 113129 94129 99737 102258 123088 111804 110900 
139343 117540 128362 127214 117064 124957 123766 121578 116587 145185 128788 125380 123827 129074 124941 115412 146851 90122 143094 112973 120775 120785 131893 133652 141860 124089 125215 123282 139075 98269 145523 133296 138377 125855 117284 118994 115263 109123 133455 125710 131519 137521 122490 128926 114388 131173 121496 145955 135013 136983 
114142 119475 126261 111863 122005 112518 119746 114998 132529 130020 118764 121225 111920 119437 124382 101599 125583 94346 122434 105462 134089 113988 121669 128364 136323 121622 116796 138035 128161 92033 124343 129043 130500 104209 127775 117522 108115 101424 121008 114712 117348 117530 120153 112237 117129 118110 124408 138361 137192 134229 
114253 116440 125516 111726 105479 119558 103367 106266 107770 127764 118216 114310 100962 119398 115358 92280 113481 86909 118833 93840 107197 114720 110045 121084 123265 104314 104432 108410 121214 86210 123511 116105 118959 111931 112637 95000 100859 107158 124104 108719 108672 106940 109506 112746 107296 108436 104241 122499 120890 123168 
128852 110612 135561 108885 107113 123579 112215 103290 120346 121408 118662 121894 117303 120739 117198 100093 130860 96968 132989 101139 118398 108440 122258 133805 131798 126270 119145 118345 133528 102651 121022 119562 131288 111535 114278 117478 107826 117384 130271 116233 119279 114381 105453 118762 116110 129033 116419 130443 129179 124740 
148047 129870 153324 132822 127206 121986 130245 125284 141205 163092 138856 135764 147089 139028 128374 117435 150949 109703 151054 127280 143668 139883 154257 150298 159904 137098 132158 138098 146514 102681 138574 145251 139310 134255 137716 135272 130454 121577 156106 132567 134159 138095 138313 143635 131205 144972 140135 145940 153591 147787 
150781 127792 146528 139033 135898 132825 139982 131656 142723 151586 143746 132672 129663 136592 147581 120824 149748 99203 135221 127261 134843 130787 139263 149115 151573 145913 124193 140695 152567 111218 132702 135166 149987 125242 133877 120723 126888 139049 144301 129882 136154 135351 131217 129983 133663 127564 125558 157771 148136 151045 
129478 119919 121953 118360 111824 127954 121384 101233 120775 132165 128258 109018 103637 124733 119264 106643 128955 90342 127347 104751 115047 118794 126593 130592 138576 125463 114710 119912 135532 82409 124899 121194 126772 114926 124771 98522 109074 109241 119883 128736 123335 123751 115655 115450 104900 117746 118187 138731 126903 128363 
120236 109922 129730 112458 115448 115520 113376 118399 118210 127156 124525 109102 115038 122282 121069 108586 120447 94110 126586 106602 120302 109209 133291 133264 132474 121460 116369 113861 134341 97124 136884 116487 125898 113214 116949 108771 110527 111698 127518 117907 122402 125249 125700 117634 115763 111772 124646 138197 131898 133981 
140130 122324 142320 125311 125192 128858 129233 127167 152040 149124 135922 134883 127922 138634 135289 115654 133605 104609 143002 115749 142066 130615 141822 138146 151823 137247 143372 143097 146028 96204 127587 133612 142301 123212 133921 131214 125123 122576 142103 131183 137595 142251 128848 137665 121636 127556 142834 163307 137845 132956 
137294 125447 143635 127882 127205 129462 124813 130171 144180 148806 140711 129551 136068 132962 141137 110227 147738 96357 139562 117996 147694 138212 144291 143236 157488 130492 133408 131054 142993 105752 134753 143648 144268 133779 137762 126564 116336 132533 143519 132734 135233 144399 126549 135288 126560 138622 136159 151752 137127 144433 
92595 98251 101661 88391 89443 83698 85295 71533 98967 103765 88918 90045 89771 100501 85869 68040 96679 71233 89245 82370 100532 93215 99701 95177 105199 93750 84760 85741 97801 70830 80966 91095 100395 87481 89933 85598 95222 82165 86514 93179 86871 92962 87471 81822 83036 87539 93566 100272 100452 100694 
117353 105361 137059 105237 100670 105808 113956 100316 119603 125027 117847 109783 104370 115014 108117 88589 121070 89787 125660 102893 123053 116404 126150 128481 139331 123431 114120 106073 127075 93582 111398 108228 117331 116316 111467 97615 108699 110608 138389 113572 109834 107075 111604 116759 104938 111028 101311 125379 116804 119168 
134374 130527 139249 144828 130264 134165 130929 118929 140094 149643 142150 125995 135630 135836 149912 105694 153009 113472 146055 104230 132299 144586 142222 130931 150615 134214 126991 138789 146513 93621 137653 149620 140121 119975 125874 111642 140078 125269 142542 132851 129516 139543 126548 128593 127691 135640 136002 151834 163571 143987 
127293 114659 112686 117441 100060 116260 116815 98471 121200 126712 123186 99652 106244 111931 108128 101114 108882 82539 107278 88056 110327 114398 118028 114158 127711 108192 112776 117792 119250 85183 104882 122704 109819 99767 113165 95964 96332 107782 114606 117053 97307 104805 113890 111398 101247 111696 108665 130924 114955 114933 
109036 92818 97829 109393 97904 104284 96241 99466 95656 111716 108311 86415 99042 93417 104247 90211 116935 77985 109104 84954 91225 98295 114685 100903 110247 103896 94204 102294 108195 81450 116583 110972 98731 94959 106662 93941 92135 97476 104058 97362 104970 106616 101210 98010 95176 103732 97678 127523 112625 112179 
119147 107847 125758 115028 109665 104615 120874 116973 120408 126437 114409 119323 120087 119209 123802 101244 133524 97383 124908 96786 116558 122753 128899 127189 135419 125399 118624 104701 132714 100988 131031 115117 125929 109353 117662 98101 125166 109388 138788 121047 120358 123600 115173 126827 120717 119005 110018 136064 131202 129273 
106395 111745 114378 117773 117314 93483 95157 94009 116302 129384 102774 100399 98353 120289 108213 85707 121708 83383 116320 89524 120470 106885 121612 108314 123407 114035 98922 117824 127138 88877 110071 106324 109279 91799 111616 101416 106202 97957 118108 107860 108739 100468 111301 104868 99543 96224 114895 132167 118751 121193 
136560 125526 138727 131593 131612 126413 124189 114713 142571 134752 133804 130278 123306 131317 140159 109849 136971 107440 127188 102865 128294 125275 136940 127994 135781 143774 117023 142320 152873 105244 128580 134481 131169 114223 125484 117319 123634 121893 131643 123224 122364 126419 120315 134171 121298 128726 140908 157703 146076 141762 
126901 118295 130405 115949 124933 103049 109802 116047 118279 129509 118296 117101 116315 126099 130632 105047 130189 92775 124971 113729 129006 107356 120830 133722 137731 121350 110718 134179 126453 87859 124076 126037 129175 114269 123369 112376 116311 104470 120962 129293 120506 117745 112412 115346 117571 105368 123682 129821 139538 134566 
123282 104808 118221 106124 104716 118416 108417 105828 115952 116197 116457 111435 115242 104149 119824 103200 119747 94763 130377 99936 120369 115978 117322 125426 119368 112364 108083 115436 121588 77023 126223 107817 117645 107551 115306 104095 111162 106686 124227 115619 111704 119611 111350 121382 120965 109501 118429 149110 113861 123312 
149862 140866 151145 138604 127036 129297 135177 121518 141945 159047 140901 137537 138313 140347 136975 118240 151919 107809 127704 112331 135644 137945 152965 138494 151213 140701 129910 137499 154628 117864 131027 137719 143694 135615 128604 127241 137315 134092 136495 135349 121788 142123 133004 139122 125883 139286 129433 148527 155821 144570 
109411 101843 102978 95448 98127 87080 95533 78324 105629 106832 105648 94194 101231 103833 96722 78202 108981 80480 105585 87975 104114 97600 107099 110656 111227 115468 98651 110463 106513 69751 87372 106673 96685 91365 102980 87657 94138 90579 108992 98713 94817 92259 92083 94877 92336 91575 95260 107494 107799 98159 
129148 117938 132029 128645 119185 124779 123075 126026 131789 140702 129170 115946 126545 126115 134149 108480 137955 106811 131794 106788 129432 124906 128056 134505 134471 126134 118717 120061 135590 92605 126088 123181 133622 111135 129349 116952 119861 121544 128082 120420 131378 140497 118523 119508 123446 129673 127859 146995 139211 130799 
136015 123163 141505 116051 122689 130178 129481 118568 137682 139603 122485 136008 122832 126358 129861 120416 134481 99053 134414 109886 128525 115696 133399 136770 132017 132493 136379 136026 140388 98965 134050 133325 143581 116580 128678 127903 126915 118737 134087 128860 127901 128691 134224 129140 134556 124696 127636 150304 142740 132344 
